Time (ms)	Ch1 V	Ch2 V	Ch1 A	Ch2 A
458.179	-0.000	-0.005	-0.025	0.008
458.241	-0.007	-0.005	-0.033	0.008
458.304	-0.000	0.007	-0.025	-0.008
458.366	-0.000	-0.011	-0.025	0.016
458.429	-0.007	-0.005	-0.025	0.008
458.491	-0.000	0.007	-0.033	0.016
458.554	-0.007	0.001	-0.025	0.016
458.617	-0.000	0.001	-0.016	0.008
458.679	-0.007	0.001	-0.033	0.016
458.742	-0.000	0.007	-0.033	0.016
458.804	-0.000	0.001	-0.033	0.008
458.867	0.006	0.001	-0.025	0.025
458.929	-0.007	0.001	-0.025	0.008
458.992	-0.000	-0.005	-0.016	0.008
459.054	-0.000	-0.005	-0.033	0.016
459.117	-0.007	-0.005	-0.033	0.008
459.180	-0.007	-0.005	-0.025	0.008
459.242	-0.000	0.001	-0.033	0.008
459.305	-0.000	0.013	-0.025	0.016
459.367	-0.000	0.007	-0.033	0.008
459.430	-0.007	-0.011	-0.033	0.008
459.492	-0.000	-0.005	-0.033	0.016
459.555	-0.000	-0.005	-0.025	0.016
459.617	-0.000	0.007	-0.016	-0.000
459.680	-0.013	0.001	-0.025	0.008
459.742	-0.007	-0.005	-0.025	0.025
459.805	-0.007	-0.005	-0.033	0.008
459.868	0.006	-0.005	-0.025	0.016
459.930	-0.000	0.007	-0.041	0.016
459.993	-0.007	0.001	-0.041	0.008
460.055	0.006	-0.005	-0.033	0.008
460.118	0.006	0.007	-0.033	0.016
460.180	-0.000	0.001	-0.033	0.016
460.243	0.006	-0.005	-0.008	0.025
460.305	-0.007	0.001	-0.025	0.008
460.368	-0.000	-0.011	-0.025	0.008
460.431	-0.000	0.007	-0.025	0.008
460.493	-0.000	0.001	-0.025	-0.000
460.556	-0.000	0.001	-0.016	0.008
460.618	-0.000	0.001	-0.033	0.008
460.681	-0.000	0.001	-0.041	0.016
460.743	-0.007	0.001	-0.033	0.008
460.806	-0.000	0.007	-0.016	0.016
460.868	0.006	0.001	-0.025	0.016
460.931	-0.007	0.001	-0.041	0.008
460.993	-0.000	-0.011	-0.025	0.008
461.056	-0.007	0.001	-0.033	-0.000
461.119	0.012	-0.005	-0.025	-0.000
461.181	-0.000	0.001	-0.033	-0.000
461.244	-0.000	0.001	-0.033	-0.000
461.306	0.006	0.007	-0.033	-0.000
461.369	-0.000	0.001	-0.025	0.016
461.431	-0.000	-0.011	-0.041	0.008
461.494	-0.007	-0.005	-0.025	0.016
461.556	0.006	0.001	-0.033	0.008
461.619	-0.000	-0.011	-0.033	0.008
461.682	-0.013	0.001	-0.033	0.008
461.744	-0.007	-0.005	-0.033	0.008
461.807	0.006	0.007	-0.041	0.016
461.869	-0.000	0.007	-0.033	0.016
461.932	-0.000	-0.005	-0.033	0.008
461.994	-0.000	0.001	-0.025	0.025
462.057	0.006	0.001	-0.033	0.008
462.119	-0.007	0.001	-0.025	0.008
462.182	-0.000	0.001	-0.033	0.025
462.244	-0.007	-0.011	-0.033	0.016
462.307	-0.000	-0.005	-0.025	0.016
462.370	-0.000	-0.011	-0.033	0.016
462.432	0.006	-0.011	-0.033	0.016
462.495	0.006	0.001	-0.033	0.016
462.557	-0.000	-0.005	-0.033	0.016
462.620	-0.000	-0.005	-0.025	0.016
462.682	-0.007	-0.005	-0.016	0.016
462.745	-0.007	0.001	-0.025	0.008
462.807	-0.000	0.001	-0.025	0.016
462.870	-0.000	0.001	-0.033	0.008
462.933	-0.000	0.007	-0.033	0.008
462.995	-0.000	0.001	-0.025	0.008
463.058	-0.000	-0.011	-0.016	0.025
463.120	0.006	-0.005	-0.025	0.008
463.183	-0.007	-0.005	-0.025	-0.000
463.245	-0.000	0.001	-0.041	0.008
463.308	0.012	0.007	-0.033	0.016
463.370	-0.000	0.001	-0.025	0.008
463.433	-0.000	-0.005	-0.033	0.008
463.495	-0.007	0.001	-0.025	0.016
463.558	-0.000	-0.005	-0.025	-0.000
463.621	-0.007	-0.005	-0.025	0.016
463.683	-0.000	0.007	-0.033	0.016
463.746	0.006	-0.005	-0.033	0.016
463.808	-0.000	0.001	-0.033	0.008
463.871	-0.000	0.001	-0.025	-0.000
463.933	-0.000	0.001	-0.025	0.008
463.996	-0.000	0.001	-0.033	0.008
464.058	-0.007	0.001	-0.033	0.016
464.121	-0.000	0.007	-0.025	0.016
464.184	-0.000	-0.005	-0.033	0.016
464.246	-0.007	0.001	-0.033	0.016
464.309	-0.000	-0.005	-0.033	0.008
464.371	-0.013	-0.005	-0.033	0.008
464.434	0.006	0.001	-0.025	-0.000
464.496	0.006	0.013	-0.025	0.016
464.559	-0.000	0.001	-0.016	0.008
464.621	0.006	0.001	-0.025	0.008
464.684	-0.000	0.001	-0.025	0.016
464.746	0.006	0.001	-0.025	0.016
464.809	-0.000	-0.005	-0.016	0.008
464.872	-0.007	0.001	-0.025	0.016
464.934	-0.000	0.001	-0.041	0.016
464.997	-0.000	0.001	-0.041	0.016
465.059	0.012	0.007	-0.025	-0.000
465.122	0.006	0.001	-0.025	0.016
465.184	-0.007	0.001	-0.016	0.016
465.247	0.006	0.007	-0.033	0.025
465.309	-0.000	0.007	-0.033	0.008
465.372	-0.000	0.001	-0.033	0.016
465.435	-0.007	-0.005	-0.016	-0.000
465.497	-0.000	0.001	-0.025	0.008
465.560	-0.000	0.001	-0.025	0.008
465.622	-0.000	0.001	-0.033	0.008
465.685	-0.000	0.007	-0.033	0.016
465.747	-0.000	0.007	-0.033	0.008
465.810	-0.000	0.013	-0.025	0.008
465.872	-0.000	0.001	-0.025	0.016
465.935	0.006	0.007	-0.033	0.025
465.997	-0.000	-0.005	-0.033	0.016
466.060	-0.000	0.001	-0.016	0.016
466.123	-0.007	0.001	-0.016	0.016
466.185	-0.007	-0.005	-0.025	0.016
466.248	-0.000	0.001	-0.025	0.025
466.310	-0.000	0.007	-0.033	0.016
466.373	-0.000	-0.005	-0.025	0.025
466.435	-0.000	-0.005	-0.033	0.008
466.498	0.006	0.001	-0.025	0.016
466.560	0.006	0.001	-0.033	0.008
466.623	0.006	0.001	-0.025	0.008
466.686	-0.000	0.001	-0.025	0.016
466.748	-0.000	-0.011	-0.033	0.016
466.811	-0.000	-0.005	-0.033	0.016
466.873	0.006	-0.005	-0.041	0.008
466.936	-0.013	-0.005	-0.025	0.008
466.998	0.006	-0.005	-0.025	0.008
467.061	-0.000	0.001	-0.025	0.016
467.123	-0.000	0.001	-0.025	-0.000
467.186	0.006	0.007	-0.033	0.016
467.248	-0.000	0.001	-0.033	0.016
467.311	-0.007	0.001	-0.033	0.008
467.374	0.006	0.001	-0.033	0.008
467.436	-0.000	0.007	-0.033	0.016
467.499	-0.000	0.007	-0.016	0.008
467.561	-0.000	0.001	-0.016	0.008
467.624	-0.000	0.007	-0.025	0.025
467.686	-0.000	0.001	-0.016	0.016
467.749	-0.007	0.001	-0.025	0.008
467.811	-0.000	0.001	-0.025	0.016
467.874	0.006	-0.005	-0.016	0.008
467.937	0.006	-0.011	-0.033	0.008
467.999	-0.000	-0.005	-0.025	0.016
468.062	-0.007	0.001	-0.033	0.016
468.124	-0.000	-0.005	-0.033	0.008
468.187	0.012	-0.005	-0.033	0.008
468.249	-0.000	0.001	-0.033	0.016
468.312	-0.007	-0.005	-0.025	-0.000
468.374	-0.000	0.007	-0.033	0.025
468.437	0.006	-0.005	-0.033	0.025
468.499	-0.000	-0.005	-0.033	0.016
468.562	0.006	-0.005	-0.033	0.016
468.625	-0.007	-0.005	-0.025	0.016
468.687	-0.000	0.001	-0.025	0.008
468.750	-0.000	0.001	-0.025	0.008
468.812	-0.000	-0.011	-0.025	0.025
468.875	0.006	-0.005	-0.016	0.008
468.937	-0.000	-0.011	-0.033	0.008
469.000	-0.000	0.001	-0.025	0.016
469.062	0.006	0.007	-0.041	0.008
469.125	-0.007	0.001	-0.016	0.016
469.188	-0.000	-0.011	-0.033	-0.000
469.250	-0.007	0.007	-0.025	0.016
469.313	0.012	0.001	-0.033	0.016
469.375	-0.000	0.001	-0.033	0.016
469.438	-0.007	-0.005	-0.033	0.025
469.500	-0.000	0.001	-0.033	0.016
469.563	-0.000	0.001	-0.033	0.008
469.625	0.006	-0.005	-0.033	0.016
469.688	-0.000	-0.005	-0.033	0.016
469.750	-0.007	-0.005	-0.033	-0.000
469.813	-0.000	0.001	-0.025	0.008
469.876	0.006	0.001	-0.033	0.025
469.938	-0.000	0.001	-0.025	0.016
470.001	-0.000	-0.005	-0.033	0.016
470.063	-0.007	-0.005	-0.025	-0.000
470.126	-0.000	0.001	-0.016	0.016
470.188	-0.000	0.001	-0.025	0.008
470.251	-0.000	-0.005	-0.025	0.008
470.313	-0.000	0.001	-0.041	0.025
470.376	-0.013	0.001	-0.033	0.016
470.439	-0.000	-0.005	-0.025	0.016
470.501	-0.000	-0.005	-0.033	0.016
470.564	-0.000	0.001	-0.033	0.025
470.626	-0.007	0.001	-0.033	0.033
470.689	-0.000	0.001	-0.025	0.008
470.751	-0.013	-0.005	-0.025	0.008
470.814	-0.007	0.007	-0.033	0.025
470.876	-0.000	0.007	-0.033	0.016
470.939	0.006	-0.005	-0.025	0.016
471.001	-0.000	-0.005	-0.016	0.025
471.064	0.006	0.001	-0.025	0.016
471.127	-0.000	0.001	-0.025	0.008
471.189	-0.007	-0.005	-0.033	0.008
471.252	-0.000	-0.005	-0.033	0.016
471.314	0.006	-0.005	-0.041	-0.000
471.377	-0.000	-0.005	-0.025	0.016
471.439	0.006	-0.005	-0.025	0.008
471.502	-0.007	0.001	-0.025	0.016
471.564	-0.000	0.001	-0.033	0.008
471.627	-0.007	-0.005	-0.033	0.016
471.690	0.006	0.001	-0.025	0.025
471.752	0.006	0.007	-0.025	0.025
471.815	-0.007	-0.005	-0.033	0.016
471.877	-0.007	-0.011	-0.016	0.008
471.940	-0.000	0.007	-0.025	0.016
472.002	0.006	0.001	-0.033	0.016
472.065	-0.000	0.001	-0.033	0.008
472.127	-0.007	-0.005	-0.025	-0.000
472.190	-0.007	0.001	-0.025	0.016
472.252	-0.000	0.001	-0.041	0.008
472.315	-0.000	-0.011	-0.025	0.016
472.378	-0.007	0.001	-0.025	0.016
472.440	-0.000	-0.011	-0.025	0.016
472.503	-0.000	0.007	-0.033	0.016
472.565	0.006	-0.005	-0.033	0.016
472.628	-0.000	0.001	-0.033	-0.000
472.690	-0.007	0.001	-0.016	0.025
472.753	-0.000	-0.011	-0.016	-0.000
472.815	-0.000	-0.005	-0.033	-0.000
472.878	-0.000	-0.011	-0.025	0.008
472.941	-0.000	0.007	-0.033	0.008
473.003	-0.000	-0.005	-0.025	-0.000
473.066	-0.000	-0.005	-0.033	0.008
473.128	-0.007	0.001	-0.025	0.008
473.191	-0.000	-0.011	-0.033	0.008
473.253	-0.007	-0.005	-0.033	0.025
473.316	-0.000	-0.005	-0.016	0.025
473.378	-0.000	0.001	-0.033	0.008
473.441	-0.000	0.001	-0.041	0.008
473.503	-0.007	-0.011	-0.033	0.016
473.566	0.006	-0.005	-0.033	0.016
473.629	-0.000	0.007	-0.033	0.008
473.691	-0.007	0.001	-0.025	-0.000
473.754	-0.000	0.007	-0.033	0.016
473.816	0.006	-0.005	-0.025	0.025
473.879	0.006	0.001	-0.033	0.016
473.941	-0.007	0.001	-0.033	0.016
474.004	-0.000	-0.005	-0.016	0.008
474.066	-0.000	0.001	-0.025	0.016
474.129	-0.007	-0.005	-0.033	0.016
474.192	0.006	0.007	-0.025	0.008
474.254	-0.000	-0.005	-0.025	0.008
474.317	-0.000	0.001	-0.025	0.025
474.379	0.012	0.001	-0.025	0.008
474.442	-0.000	0.007	-0.033	0.008
474.504	-0.007	0.001	-0.033	0.016
474.567	-0.000	0.001	-0.041	0.016
474.629	0.012	0.007	-0.033	0.008
474.692	-0.000	-0.005	-0.016	0.008
474.754	-0.000	0.007	-0.016	0.008
474.817	-0.000	0.001	-0.025	0.016
474.880	0.006	0.001	-0.033	0.008
474.942	-0.000	0.001	-0.033	0.008
475.005	-0.000	0.007	-0.025	0.016
475.067	-0.000	-0.005	-0.025	-0.000
475.130	-0.007	0.001	-0.025	0.016
475.192	-0.000	-0.005	-0.025	0.008
475.255	-0.000	0.001	-0.033	0.008
475.317	-0.007	0.001	-0.016	0.008
475.380	-0.007	0.001	-0.025	0.008
475.443	-0.000	-0.005	-0.033	0.008
475.505	0.006	-0.005	-0.033	0.008
475.568	-0.000	0.001	-0.033	0.016
475.630	-0.000	0.001	-0.033	0.008
475.693	-0.007	-0.011	-0.025	0.008
475.755	-0.000	0.001	-0.016	0.008
475.818	-0.000	0.001	-0.025	0.008
475.880	-0.007	0.007	-0.033	0.016
475.943	-0.013	0.001	-0.025	0.016
476.005	-0.000	0.001	-0.033	0.016
476.068	-0.007	0.001	-0.025	0.025
476.131	-0.000	0.001	-0.025	-0.000
476.193	0.006	-0.005	-0.033	-0.000
476.256	-0.007	-0.005	-0.025	0.016
476.318	0.006	0.001	-0.025	0.008
476.381	-0.000	0.001	-0.033	0.008
476.443	-0.000	-0.005	-0.033	0.016
476.506	0.006	0.007	-0.033	0.016
476.568	-0.000	-0.005	-0.025	0.008
476.631	-0.000	-0.005	-0.025	-0.000
476.694	-0.007	0.001	-0.025	0.016
476.756	-0.000	0.001	-0.025	0.016
476.819	-0.000	0.001	-0.033	0.016
476.881	0.006	0.001	-0.025	0.008
476.944	0.006	0.001	-0.025	0.008
477.006	-0.000	0.001	-0.033	0.008
477.069	-0.000	-0.011	-0.041	-0.000
477.131	-0.000	-0.005	-0.033	-0.000
477.194	-0.000	-0.005	-0.041	0.025
477.256	-0.000	-0.005	-0.025	0.008
477.319	-0.007	-0.005	-0.025	0.008
477.382	-0.000	0.001	-0.025	0.008
477.444	-0.000	0.001	-0.033	0.016
477.507	0.006	-0.005	-0.025	0.025
477.569	-0.007	0.007	-0.033	0.025
477.632	0.006	-0.005	-0.025	0.008
477.694	0.006	0.007	-0.033	0.008
477.757	-0.007	0.007	-0.033	0.016
477.819	-0.000	-0.005	-0.033	-0.000
477.882	-0.000	-0.011	-0.033	-0.008
477.945	-0.000	-0.011	-0.033	0.008
478.007	-0.000	0.001	-0.016	0.016
478.070	-0.000	0.007	-0.033	0.016
478.132	0.006	0.001	-0.025	0.016
478.195	-0.000	0.001	-0.025	0.016
478.257	-0.007	-0.005	-0.025	0.008
478.320	0.006	-0.005	-0.025	0.008
478.382	0.006	-0.005	-0.025	0.025
478.445	0.006	0.001	-0.033	0.008
478.507	-0.000	0.001	-0.025	-0.000
478.570	0.006	0.001	-0.025	0.016
478.633	-0.000	0.007	-0.025	0.008
478.695	-0.000	0.001	-0.033	0.008
478.758	-0.000	0.001	-0.033	0.016
478.820	-0.000	0.007	-0.033	0.025
478.883	-0.000	-0.005	-0.025	0.016
478.945	-0.000	0.007	-0.025	0.008
479.008	-0.013	-0.005	-0.033	0.016
479.070	-0.007	0.007	-0.025	0.008
479.133	-0.000	0.007	-0.016	0.008
479.196	-0.000	-0.005	-0.033	-0.000
479.258	-0.000	-0.005	-0.033	0.008
479.321	0.006	-0.005	-0.033	0.008
479.383	-0.007	0.007	-0.016	0.016
479.446	0.006	-0.011	-0.033	-0.000
479.508	0.006	-0.005	-0.033	-0.000
479.571	-0.000	-0.005	-0.033	0.025
479.633	-0.000	0.007	-0.016	0.025
479.696	-0.000	-0.011	-0.025	0.016
479.758	-0.000	0.001	-0.025	0.016
479.821	-0.000	0.001	-0.016	0.008
479.884	-0.000	0.001	-0.033	0.008
479.946	-0.000	0.001	-0.025	-0.000
480.009	-0.000	-0.005	-0.025	0.008
480.071	0.006	0.013	-0.033	0.016
480.134	-0.000	0.001	-0.033	0.008
480.196	-0.000	-0.011	-0.025	0.016
480.259	-0.007	0.001	-0.025	0.008
480.321	0.006	-0.005	-0.025	0.008
480.384	-0.000	0.007	-0.033	0.008
480.447	-0.000	0.001	-0.016	0.016
480.509	-0.007	-0.005	-0.041	0.016
480.572	-0.000	-0.005	-0.025	0.008
480.634	-0.000	0.001	-0.033	0.016
480.697	0.006	0.001	-0.033	-0.000
480.759	-0.000	-0.005	-0.025	0.008
480.822	-0.007	0.001	-0.033	0.016
480.884	0.006	0.001	-0.033	0.008
480.947	-0.000	0.001	-0.025	0.016
481.009	-0.000	0.001	-0.033	0.016
481.072	-0.013	0.007	-0.025	-0.000
481.135	0.006	-0.005	-0.033	0.008
481.197	0.006	-0.005	-0.016	0.008
481.260	-0.007	-0.005	-0.033	0.016
481.322	0.006	0.001	-0.025	-0.000
481.385	-0.000	0.001	-0.033	0.016
481.447	0.006	0.001	-0.033	0.008
481.510	-0.000	-0.005	-0.025	0.016
481.572	0.006	-0.005	-0.041	0.008
481.635	0.006	0.001	-0.033	-0.000
481.698	0.006	0.001	-0.033	0.016
481.760	-0.000	-0.011	-0.025	0.016
481.823	0.006	-0.005	-0.016	-0.000
481.885	-0.007	0.001	-0.025	0.008
481.948	-0.000	0.007	-0.033	-0.000
482.010	-0.000	0.001	-0.033	-0.000
482.073	-0.007	0.001	-0.016	0.008
482.135	-0.000	-0.005	-0.033	0.008
482.198	-0.000	0.001	-0.025	0.008
482.260	-0.000	-0.005	-0.025	0.008
482.323	-0.007	-0.005	-0.025	0.008
482.386	0.006	0.001	-0.016	0.008
482.448	-0.000	-0.005	-0.041	0.016
482.511	-0.013	-0.005	-0.025	0.025
482.573	0.006	-0.005	-0.033	0.008
482.636	-0.000	0.001	-0.016	0.016
482.698	-0.007	-0.005	-0.033	0.016
482.761	-0.000	0.001	-0.025	0.016
482.823	0.006	-0.005	-0.025	0.016
482.886	-0.007	0.007	-0.033	0.008
482.949	-0.013	0.001	-0.033	0.008
483.011	-0.000	0.001	-0.016	0.016
483.074	-0.000	-0.011	-0.025	0.008
483.136	0.012	0.001	-0.041	0.008
483.199	-0.000	0.001	-0.025	0.008
483.261	-0.000	0.001	-0.033	0.025
483.324	0.006	0.001	-0.025	0.016
483.386	-0.007	-0.005	-0.016	0.025
483.449	-0.000	0.001	-0.033	0.008
483.511	-0.000	-0.005	-0.025	0.016
483.574	-0.000	-0.005	-0.033	0.025
483.637	0.006	0.001	-0.033	-0.000
483.699	-0.000	-0.005	-0.025	0.008
483.762	0.006	0.001	-0.033	0.008
483.824	-0.007	0.013	-0.025	0.008
483.887	-0.007	-0.005	-0.016	0.016
483.949	-0.000	-0.005	-0.016	0.025
484.012	0.006	0.007	-0.025	0.025
484.074	-0.000	-0.005	-0.033	0.016
484.137	-0.000	-0.005	-0.033	0.016
484.200	0.006	-0.005	-0.033	0.016
484.262	0.006	0.007	-0.033	0.025
484.325	-0.007	-0.011	-0.025	0.016
484.387	-0.000	0.001	-0.041	-0.000
484.450	-0.000	0.001	-0.016	-0.000
484.512	-0.000	0.007	-0.033	0.008
484.575	0.006	0.007	-0.025	0.025
484.637	-0.000	0.007	-0.033	0.008
484.700	-0.000	0.001	-0.033	0.016
484.762	0.006	0.001	-0.025	0.016
484.825	-0.007	0.001	-0.025	0.008
484.888	0.006	0.001	-0.033	-0.000
484.950	0.006	-0.005	-0.025	0.016
485.013	0.006	0.007	-0.025	0.016
485.075	0.006	-0.005	-0.016	0.016
485.138	-0.000	-0.005	-0.025	0.008
485.200	-0.000	-0.005	-0.025	0.008
485.263	-0.000	-0.005	-0.033	0.016
485.325	-0.007	-0.011	-0.033	-0.000
485.388	-0.000	0.001	-0.016	0.016
485.451	0.006	0.001	-0.025	0.008
485.513	0.006	0.007	-0.033	0.016
485.576	0.006	0.007	-0.033	0.016
485.638	0.006	0.007	-0.033	0.008
485.701	-0.000	0.001	-0.033	-0.000
485.763	-0.000	-0.005	-0.025	-0.000
485.826	-0.000	0.007	-0.025	0.008
485.888	-0.000	-0.005	-0.033	0.016
485.951	0.006	0.001	-0.016	0.008
486.013	-0.007	-0.005	-0.025	0.016
486.076	-0.000	0.001	-0.033	0.016
486.139	-0.000	0.001	-0.025	0.016
486.201	-0.000	0.001	-0.025	-0.000
486.264	-0.013	-0.005	-0.025	0.008
486.326	-0.000	0.007	-0.025	0.008
486.389	-0.000	0.001	-0.025	0.008
486.451	-0.000	0.007	-0.025	0.016
486.514	0.006	0.007	-0.025	0.016
486.576	-0.000	-0.005	-0.025	0.016
486.639	0.006	0.001	-0.033	0.008
486.702	0.006	0.001	-0.041	0.016
486.764	-0.007	-0.005	-0.033	0.016
486.827	-0.000	-0.005	-0.025	0.016
486.889	0.006	-0.005	-0.016	0.008
486.952	-0.000	0.001	-0.025	0.008
487.014	-0.007	0.007	-0.025	0.016
487.077	-0.000	-0.005	-0.033	0.016
487.139	-0.000	-0.005	-0.016	0.016
487.202	-0.007	-0.005	-0.025	0.016
487.264	-0.007	-0.005	-0.025	-0.000
487.327	0.006	0.001	-0.025	0.016
487.390	-0.000	0.001	-0.025	0.016
487.452	-0.007	-0.005	-0.025	0.016
487.515	0.006	0.007	-0.041	0.016
487.577	-0.000	-0.005	-0.033	0.008
487.640	0.006	0.001	-0.016	0.008
487.702	-0.007	0.001	-0.025	0.016
487.765	-0.000	0.007	-0.025	0.008
487.827	0.012	0.001	-0.025	0.025
487.890	-0.000	0.007	-0.033	0.008
487.953	0.006	-0.005	-0.033	0.016
488.015	-0.000	0.001	-0.025	0.016
488.078	0.006	-0.005	-0.025	-0.000
488.140	-0.007	0.001	-0.033	0.016
488.203	-0.000	0.001	-0.025	0.016
488.265	-0.007	0.001	-0.033	0.016
488.328	-0.000	-0.005	-0.033	0.016
488.390	0.006	0.001	-0.033	0.016
488.453	0.006	0.007	-0.025	0.016
488.515	-0.000	-0.005	-0.033	0.016
488.578	-0.000	-0.005	-0.033	0.008
488.641	-0.000	-0.005	-0.033	0.008
488.703	-0.000	-0.005	-0.041	0.016
488.766	-0.007	-0.005	-0.025	0.016
488.828	0.006	0.001	-0.025	0.008
488.891	-0.007	0.001	-0.016	0.025
488.953	-0.000	-0.005	-0.025	0.008
489.016	-0.007	-0.005	-0.016	0.016
489.078	0.006	-0.005	-0.025	0.008
489.141	0.006	0.001	-0.016	0.008
489.204	0.006	0.001	-0.016	0.016
489.266	-0.000	0.001	-0.025	0.008
489.329	-0.000	0.001	-0.033	0.008
489.391	-0.007	0.001	-0.041	0.016
489.454	-0.000	0.001	-0.025	0.016
489.516	0.006	-0.005	-0.033	0.008
489.579	-0.000	0.001	-0.025	0.008
489.641	-0.007	0.001	-0.041	0.008
489.704	-0.007	-0.005	-0.025	0.008
489.766	-0.000	0.001	-0.033	0.008
489.829	-0.000	0.001	-0.041	0.016
489.892	-0.007	0.001	-0.025	0.025
489.954	0.006	-0.011	-0.033	-0.000
490.017	-0.000	0.001	-0.025	0.008
490.079	0.006	0.007	-0.016	0.016
490.142	-0.007	-0.011	-0.025	0.016
490.204	-0.000	0.007	-0.033	0.016
490.267	0.006	0.001	-0.025	0.016
490.329	-0.000	0.001	-0.025	0.008
490.392	-0.007	0.001	-0.033	0.025
490.455	0.006	-0.005	-0.025	0.008
490.517	0.006	-0.005	-0.033	0.008
490.580	0.006	0.001	-0.025	-0.008
490.642	-0.007	0.001	-0.025	0.025
490.705	-0.000	-0.005	-0.041	0.008
490.767	-0.000	-0.011	-0.033	0.016
490.830	-0.007	0.001	-0.041	0.008
490.892	-0.000	0.007	-0.041	0.016
490.955	0.006	0.007	-0.025	0.016
491.017	-0.007	-0.005	-0.033	-0.000
491.080	-0.000	-0.005	-0.025	0.008
491.143	0.012	0.001	-0.025	0.016
491.205	0.006	-0.005	-0.033	0.008
491.268	-0.007	0.001	-0.033	0.016
491.330	0.006	-0.005	-0.033	0.016
491.393	-0.000	-0.005	-0.025	0.016
491.455	0.006	-0.011	-0.033	0.008
491.518	-0.013	0.007	-0.016	0.025
491.580	0.006	-0.005	-0.033	0.016
491.643	-0.000	-0.011	-0.025	0.008
491.706	-0.000	0.007	-0.033	0.008
491.768	-0.007	0.007	-0.025	0.025
491.831	-0.000	0.001	-0.033	0.016
491.893	-0.007	0.001	-0.025	0.008
491.956	0.006	0.007	-0.033	0.008
492.018	-0.000	0.001	-0.033	0.016
492.081	-0.000	0.001	-0.033	0.016
492.143	-0.000	0.007	-0.025	0.008
492.206	0.006	0.007	-0.025	0.008
492.268	-0.000	-0.005	-0.033	0.016
492.331	-0.000	-0.005	-0.025	0.025
492.394	-0.007	0.001	-0.025	0.008
492.456	-0.000	-0.011	-0.033	0.008
492.519	-0.000	-0.005	-0.033	0.008
492.581	-0.000	0.001	-0.025	0.016
492.644	-0.007	0.007	-0.033	0.008
492.706	0.012	0.001	-0.025	0.016
492.769	0.006	-0.005	-0.033	0.008
492.831	0.006	0.001	-0.033	0.008
492.894	-0.000	0.007	-0.033	-0.000
492.957	-0.007	-0.011	-0.016	0.025
493.019	-0.000	0.001	-0.025	0.008
493.082	-0.007	0.001	-0.033	0.008
493.144	-0.000	0.001	-0.033	0.016
493.207	-0.000	0.001	-0.041	0.016
493.269	0.006	0.007	-0.025	0.025
493.332	0.006	0.013	-0.025	0.008
493.394	-0.000	0.001	-0.033	0.008
493.457	-0.000	-0.005	-0.025	-0.000
493.519	0.006	0.007	-0.033	0.008
493.582	0.006	0.007	-0.016	-0.000
493.645	-0.000	0.001	-0.033	0.008
493.707	-0.000	0.001	-0.033	0.008
493.770	-0.000	-0.005	-0.033	0.016
493.832	-0.000	0.001	-0.025	-0.000
493.895	0.006	0.001	-0.025	0.016
493.957	0.006	0.001	-0.025	0.008
494.020	-0.000	0.007	-0.016	0.016
494.082	-0.000	0.007	-0.025	-0.000
494.145	-0.000	-0.005	-0.025	0.008
494.208	0.006	0.001	-0.033	0.016
494.270	-0.000	0.001	-0.025	0.008
494.333	-0.007	0.001	-0.033	0.008
494.395	0.006	-0.005	-0.016	0.008
494.458	-0.007	0.007	-0.033	0.008
494.520	0.006	0.001	-0.025	0.016
494.583	-0.000	-0.005	-0.033	0.025
494.645	-0.007	0.001	-0.025	0.016
494.708	-0.000	0.001	-0.025	0.016
494.770	0.006	0.001	-0.033	0.008
494.833	0.006	-0.005	-0.033	0.008
494.896	0.006	0.007	-0.016	0.008
494.958	-0.000	-0.005	-0.025	0.008
495.021	-0.007	0.007	-0.041	0.008
495.083	-0.000	-0.005	-0.025	0.016
495.146	-0.000	0.001	-0.033	0.008
495.208	-0.000	0.001	-0.016	-0.000
495.271	-0.000	0.001	-0.033	0.025
495.333	-0.000	0.001	-0.025	0.008
495.396	-0.000	0.001	-0.025	0.008
495.459	-0.007	-0.005	-0.033	0.025
495.521	0.006	-0.005	-0.033	0.008
495.584	0.006	0.001	-0.033	0.016
495.646	-0.000	0.007	-0.025	0.008
495.709	-0.000	0.001	-0.033	0.016
495.771	0.006	-0.005	-0.033	0.025
495.834	0.006	-0.005	-0.025	0.008
495.896	-0.007	0.001	-0.049	0.016
495.959	0.006	-0.005	-0.033	0.008
496.021	-0.000	-0.005	-0.025	0.008
496.084	0.012	0.001	-0.033	0.016
496.147	-0.000	-0.011	-0.033	0.016
496.209	0.006	0.001	-0.016	0.008
496.272	0.006	0.007	-0.041	0.008
496.334	-0.000	0.007	-0.033	0.008
496.397	-0.000	-0.005	-0.025	0.008
496.459	-0.000	-0.005	-0.033	0.025
496.522	0.006	0.001	-0.025	0.025
496.584	-0.000	0.001	-0.016	0.008
496.647	0.006	0.001	-0.025	0.016
496.710	-0.000	-0.005	-0.025	0.008
496.772	-0.007	0.007	-0.016	0.016
496.835	0.006	0.001	-0.033	0.008
496.897	0.006	-0.005	-0.025	0.025
496.960	-0.000	0.001	-0.025	-0.000
497.022	-0.000	-0.005	-0.041	0.016
497.085	0.006	-0.005	-0.016	-0.000
497.147	0.006	0.007	-0.033	0.016
497.210	-0.000	0.001	-0.016	0.008
497.272	0.006	0.001	-0.033	0.008
497.335	-0.000	0.001	-0.016	0.016
497.398	0.006	0.001	-0.025	0.016
497.460	-0.000	0.001	-0.033	0.008
497.523	0.006	0.001	-0.016	0.008
497.585	-0.000	0.001	-0.025	0.008
497.648	-0.000	-0.005	-0.033	-0.000
497.710	-0.000	0.001	-0.025	0.008
497.773	-0.000	-0.005	-0.016	0.008
497.835	-0.000	0.001	-0.033	0.008
497.898	-0.007	-0.005	-0.025	0.008
497.961	-0.007	0.007	-0.033	-0.000
498.023	-0.000	0.001	-0.025	0.016
498.086	0.006	0.001	-0.033	0.016
498.148	-0.000	0.001	-0.016	0.008
498.211	-0.000	-0.005	-0.025	0.016
498.273	0.006	0.001	-0.033	-0.000
498.336	-0.007	-0.005	-0.025	0.025
498.398	-0.000	0.001	-0.033	0.008
498.461	-0.000	-0.005	-0.033	0.008
498.523	-0.000	-0.005	-0.025	0.008
498.586	-0.007	0.001	-0.025	0.008
498.649	-0.000	0.001	-0.025	0.016
498.711	-0.000	-0.005	-0.025	0.008
498.774	0.006	-0.011	-0.033	0.016
498.836	0.006	-0.005	-0.041	0.016
498.899	-0.000	0.001	-0.025	0.016
498.961	-0.000	0.007	-0.016	0.016
499.024	-0.000	0.001	-0.016	0.025
499.086	-0.000	0.001	-0.033	0.008
499.149	-0.007	0.001	-0.016	-0.000
499.212	-0.000	0.001	-0.016	0.008
499.274	0.006	0.001	-0.033	0.008
499.337	0.006	-0.005	-0.033	0.016
499.399	-0.007	0.007	-0.025	0.008
499.462	0.006	0.001	-0.025	-0.000
499.524	-0.000	-0.005	-0.033	0.025
499.587	-0.007	-0.005	-0.033	0.008
499.649	-0.000	-0.005	-0.025	0.008
499.712	0.006	0.001	-0.025	0.016
499.774	-0.000	0.001	-0.033	0.008
499.837	-0.007	-0.005	-0.025	0.016
499.900	-0.007	0.007	-0.033	0.016
499.962	-0.000	-0.005	-0.033	0.016
500.025	-0.007	0.001	-0.033	0.016
500.087	-0.007	-0.005	-0.041	0.016
500.150	-0.000	0.001	-0.025	0.008
500.212	0.012	0.001	-0.033	0.008
500.275	-0.000	0.001	-0.033	0.016
500.337	-0.000	0.001	-0.025	0.016
500.400	-0.007	-0.005	-0.025	0.025
500.463	-0.000	0.007	-0.025	0.016
500.525	0.006	0.001	-0.033	0.008
500.588	-0.000	0.007	-0.033	0.008
500.650	-0.007	0.001	-0.025	-0.000
500.713	-0.000	0.001	-0.041	0.008
500.775	-0.000	0.001	-0.041	0.008
500.838	-0.000	-0.005	-0.025	0.016
500.900	-0.007	-0.005	-0.033	0.016
500.963	-0.007	0.001	-0.025	0.016
501.025	-0.000	0.007	-0.033	0.008
501.088	0.006	0.001	-0.025	0.008
501.151	0.006	0.001	-0.033	0.016
501.213	0.006	-0.005	-0.033	0.016
501.276	-0.000	-0.005	-0.033	0.008
501.338	0.006	0.001	-0.041	0.008
501.401	0.006	0.007	-0.025	0.008
501.463	-0.000	0.001	-0.025	0.016
501.526	-0.000	0.001	-0.025	0.016
501.588	0.006	0.001	-0.041	0.016
501.651	0.006	0.007	-0.025	0.008
501.714	-0.007	0.007	-0.033	-0.000
501.776	0.006	0.001	-0.025	0.016
501.839	0.006	0.001	-0.025	0.008
501.901	0.006	-0.005	-0.033	0.016
501.964	-0.000	0.007	-0.025	0.008
502.026	-0.000	0.001	-0.025	0.008
502.089	0.006	-0.005	-0.033	-0.000
502.151	0.006	0.007	-0.033	0.008
502.214	-0.007	-0.005	-0.033	0.016
502.276	-0.000	-0.005	-0.025	0.008
502.339	0.006	0.001	-0.025	0.016
502.402	0.006	-0.005	-0.025	0.016
502.464	-0.000	-0.005	-0.033	0.016
502.527	-0.000	0.001	-0.025	0.016
502.589	-0.000	-0.005	-0.025	0.016
502.652	-0.007	-0.005	-0.033	0.016
502.714	-0.000	-0.005	-0.016	0.008
502.777	0.006	0.007	-0.033	0.016
502.839	-0.007	0.001	-0.033	0.008
502.902	0.006	0.001	-0.025	0.008
502.965	-0.000	-0.005	-0.041	-0.000
503.027	0.012	-0.011	-0.025	0.008
503.090	0.006	-0.005	-0.025	0.016
503.152	-0.000	-0.005	-0.025	0.016
503.215	0.006	0.013	-0.016	0.008
503.277	-0.000	-0.005	-0.025	0.008
503.340	-0.007	-0.005	-0.025	0.016
503.402	0.006	0.007	-0.016	0.008
503.465	-0.007	0.001	-0.025	0.025
503.527	-0.000	0.001	-0.025	0.016
503.590	0.006	0.001	-0.033	0.016
503.653	-0.000	-0.005	-0.033	0.008
503.715	-0.000	-0.005	-0.033	0.008
503.778	0.006	0.001	-0.016	0.016
503.840	-0.007	0.001	-0.033	0.016
503.903	-0.000	0.007	-0.033	0.008
503.965	0.006	0.007	-0.025	0.008
504.028	0.006	0.007	-0.025	0.016
504.090	-0.000	-0.011	-0.016	0.016
504.153	-0.000	0.001	-0.016	0.025
504.216	-0.000	-0.005	-0.033	0.016
504.278	-0.007	-0.005	-0.025	0.016
504.341	-0.000	0.001	-0.033	0.025
504.403	-0.000	-0.005	-0.033	0.008
504.466	-0.000	-0.005	-0.016	0.008
504.528	0.006	-0.005	-0.025	0.008
504.591	-0.000	0.001	-0.041	0.008
504.653	-0.007	-0.005	-0.025	0.016
504.716	-0.007	0.001	-0.033	0.016
504.778	0.006	0.007	-0.033	0.025
504.841	-0.007	0.001	-0.025	0.016
504.904	-0.000	-0.011	-0.025	0.016
504.966	-0.000	0.001	-0.025	0.016
505.029	0.006	0.001	-0.033	0.016
505.091	0.006	0.007	-0.025	0.008
505.154	0.006	-0.005	-0.033	0.016
505.216	-0.000	0.001	-0.033	0.008
505.279	-0.007	-0.005	-0.033	0.016
505.341	-0.000	-0.005	-0.025	0.016
505.404	-0.000	-0.005	-0.016	0.008
505.467	-0.007	0.007	-0.033	0.008
505.529	0.006	0.001	-0.025	0.016
505.592	0.006	-0.005	-0.016	0.008
505.654	0.006	0.001	-0.041	0.016
505.717	-0.000	0.001	-0.033	0.016
505.779	-0.000	0.001	-0.016	0.008
505.842	0.006	-0.011	-0.033	-0.000
505.904	0.006	0.001	-0.016	-0.000
505.967	-0.000	0.007	-0.025	0.016
506.029	0.006	-0.005	-0.025	0.008
506.092	-0.007	0.001	-0.033	-0.000
506.155	-0.007	0.013	-0.025	0.033
506.217	0.006	0.001	-0.041	0.008
506.280	0.006	-0.005	-0.016	-0.000
506.342	0.006	0.001	-0.016	0.016
506.405	-0.000	0.001	-0.033	0.016
506.467	-0.000	0.007	-0.025	0.008
506.530	-0.000	-0.005	-0.016	0.008
506.592	0.006	0.001	-0.025	0.008
506.655	-0.007	0.001	-0.025	0.016
506.718	-0.000	-0.005	-0.025	0.016
506.780	-0.000	-0.005	-0.025	0.016
506.843	-0.000	0.001	-0.033	0.016
506.905	-0.007	0.001	-0.025	-0.000
506.968	-0.000	0.001	-0.025	0.016
507.030	-0.000	-0.005	-0.025	0.016
507.093	-0.000	0.007	-0.033	0.016
507.155	-0.000	-0.005	-0.025	0.016
507.218	-0.000	-0.005	-0.033	0.008
507.280	-0.000	0.001	-0.033	0.016
507.343	-0.007	-0.005	-0.033	0.016
507.406	-0.000	0.001	-0.033	0.008
507.468	-0.000	0.007	-0.025	0.008
507.531	0.006	-0.011	-0.025	0.008
507.593	0.006	-0.005	-0.016	0.008
507.656	-0.007	-0.005	-0.041	0.008
507.718	-0.007	0.001	-0.016	0.016
507.781	-0.000	0.001	-0.041	0.016
507.843	0.006	0.001	-0.025	0.008
507.906	-0.000	0.001	-0.016	0.016
507.969	-0.000	-0.005	-0.016	0.016
508.031	-0.000	-0.005	-0.025	0.016
508.094	0.006	0.001	-0.025	0.025
508.156	-0.000	0.001	-0.033	0.016
508.219	0.006	0.007	-0.025	0.008
508.281	-0.000	-0.005	-0.041	0.008
508.344	0.006	0.007	-0.025	0.008
508.406	0.006	0.001	-0.049	0.016
508.469	0.006	0.001	-0.025	0.025
508.531	0.006	-0.005	-0.033	0.008
508.594	-0.000	0.001	-0.025	0.008
508.657	0.006	0.001	-0.033	0.008
508.719	-0.000	-0.011	-0.016	-0.000
508.782	0.006	-0.005	-0.025	0.016
508.844	0.006	0.001	-0.033	0.016
508.907	-0.000	0.001	-0.025	0.016
508.969	-0.007	-0.005	-0.033	0.008
509.032	-0.000	-0.005	-0.025	0.016
509.094	0.012	0.007	-0.025	0.008
509.157	-0.007	0.001	-0.025	0.008
509.220	0.006	-0.005	-0.041	0.008
509.282	-0.000	0.001	-0.025	0.016
509.345	0.006	0.001	-0.016	0.016
509.407	0.006	-0.005	-0.016	0.008
509.470	0.006	-0.005	-0.033	0.008
509.532	-0.000	0.001	-0.025	0.008
509.595	0.006	0.001	-0.033	0.008
509.657	-0.007	0.001	-0.033	0.008
509.720	-0.007	0.001	-0.025	0.008
509.782	0.006	-0.005	-0.025	-0.000
509.845	-0.000	-0.005	-0.025	0.008
509.908	-0.000	0.007	-0.033	0.008
509.970	-0.000	-0.005	-0.025	0.008
510.033	0.006	0.001	-0.025	0.016
510.095	0.006	0.001	-0.033	0.008
510.158	-0.007	0.001	-0.025	0.016
510.220	0.006	0.001	-0.033	0.008
510.283	-0.000	0.001	-0.033	0.008
510.345	-0.000	-0.005	-0.016	0.016
510.408	-0.007	0.001	-0.033	0.016
510.471	-0.000	-0.005	-0.033	0.008
510.533	0.006	0.001	-0.025	0.016
510.596	-0.000	-0.005	-0.033	0.008
510.658	-0.000	0.001	-0.033	0.016
510.721	0.006	-0.011	-0.025	0.008
510.783	-0.007	-0.011	-0.025	0.016
510.846	-0.007	0.001	-0.025	0.025
510.908	-0.000	0.001	-0.025	0.016
510.971	-0.000	0.001	-0.025	0.016
511.033	-0.000	-0.005	-0.041	0.016
511.096	-0.000	-0.005	-0.025	0.016
511.159	-0.000	-0.005	-0.033	-0.000
511.221	0.006	0.001	-0.033	0.016
511.284	-0.000	-0.005	-0.033	0.008
511.346	-0.000	0.007	-0.033	0.008
511.409	-0.000	-0.005	-0.025	0.025
511.471	-0.007	0.001	-0.025	0.016
511.534	0.006	-0.005	-0.025	0.025
511.596	-0.000	-0.005	-0.033	0.025
511.659	-0.000	0.001	-0.025	0.008
511.722	-0.000	0.001	-0.016	0.016
511.784	-0.007	0.007	-0.025	0.016
511.847	-0.000	0.001	-0.016	-0.000
511.909	-0.000	-0.005	-0.033	0.016
511.972	0.006	-0.005	-0.033	0.008
512.034	-0.000	-0.005	-0.025	0.008
512.097	-0.000	0.001	-0.016	0.016
512.159	-0.007	0.001	-0.025	0.016
512.222	-0.000	-0.005	-0.025	0.016
512.284	-0.007	0.001	-0.025	0.016
512.347	-0.007	-0.011	-0.025	0.008
512.410	0.006	0.001	-0.049	0.016
512.472	-0.007	0.001	-0.033	0.016
512.535	0.006	0.001	-0.033	0.016
512.597	-0.000	0.001	-0.025	0.025
512.660	-0.000	-0.005	-0.025	0.008
512.722	0.006	0.001	-0.025	0.008
512.785	0.006	-0.011	-0.025	0.025
512.847	-0.000	-0.005	-0.033	0.008
512.910	-0.000	0.001	-0.025	0.008
512.973	0.006	0.007	-0.033	0.016
513.035	0.006	0.001	-0.025	0.008
513.098	-0.000	-0.011	-0.016	0.008
513.160	0.006	-0.005	-0.025	0.008
513.223	-0.000	0.001	-0.016	0.008
513.285	-0.000	0.007	-0.025	0.008
513.348	0.006	0.007	-0.025	0.008
513.410	0.006	-0.005	-0.033	0.016
513.473	-0.000	-0.011	-0.025	0.008
513.535	0.006	-0.005	-0.025	0.008
513.598	-0.007	0.001	-0.025	-0.000
513.661	-0.000	0.001	-0.033	0.008
513.723	-0.000	0.001	-0.025	0.008
513.786	0.006	0.001	-0.033	0.008
513.848	-0.000	0.007	-0.025	0.016
513.911	0.006	0.007	-0.025	0.016
513.973	0.006	0.001	-0.033	0.008
514.036	-0.007	0.001	-0.033	0.016
514.098	-0.000	0.001	-0.025	0.008
514.161	-0.000	0.001	-0.025	0.016
514.224	-0.000	0.001	-0.025	0.025
514.286	-0.000	-0.005	-0.025	0.016
514.349	-0.007	0.001	-0.033	-0.000
514.411	-0.007	0.001	-0.033	0.025
514.474	0.006	-0.011	-0.033	0.016
514.536	-0.000	-0.005	-0.025	0.008
514.599	0.006	-0.005	-0.041	0.016
514.661	-0.007	0.001	-0.033	0.016
514.724	-0.000	0.007	-0.041	0.008
514.786	-0.000	0.007	-0.033	0.008
514.849	-0.000	0.001	-0.025	0.008
514.912	-0.000	-0.005	-0.025	-0.000
514.974	-0.000	0.001	-0.041	-0.000
515.037	-0.007	0.007	-0.025	0.025
515.099	-0.000	-0.005	-0.025	-0.000
515.162	-0.000	-0.005	-0.025	0.008
515.224	-0.007	0.001	-0.033	-0.000
515.287	-0.000	0.001	-0.025	0.008
515.349	15.306	33.548	0.016	0.025
515.412	15.360	33.712	0.041	-0.000
515.475	-12.031	-26.471	-0.025	0.008
515.537	-5.090	-11.207	-0.025	-0.000
515.600	-3.142	-6.909	-0.033	0.008
515.662	-2.162	-4.784	-0.033	0.016
515.725	-1.596	-3.506	-0.025	-0.000
515.787	15.178	33.048	0.016	0.008
515.850	15.214	33.359	0.041	0.008
515.912	15.153	33.262	0.057	0.016
515.975	15.056	33.042	0.066	0.016
516.037	14.940	32.787	0.074	0.008
516.100	14.794	32.482	0.090	0.016
516.163	14.636	32.123	0.106	-0.000
516.225	14.453	31.739	0.115	0.008
516.288	14.283	31.332	0.139	0.016
516.350	14.082	30.905	0.139	0.016
516.413	13.869	30.412	0.156	0.008
516.475	13.637	29.913	0.164	0.008
516.538	13.418	29.395	0.172	0.016
516.600	13.187	28.878	0.197	-0.000
516.663	12.955	28.342	0.213	0.016
516.726	12.718	27.788	0.229	-0.000
516.788	12.468	27.228	0.254	0.016
516.851	12.200	26.613	0.270	0.016
516.913	11.933	25.931	0.295	0.008
516.976	11.646	25.219	0.344	0.016
517.038	11.330	24.415	0.393	0.008
517.101	11.025	23.673	0.451	0.025
517.163	10.727	22.985	0.508	0.016
517.226	10.423	22.272	0.582	0.016
517.288	10.130	21.615	0.631	0.008
517.351	9.863	21.006	0.721	0.025
517.414	9.589	20.391	0.786	0.008
517.476	9.357	19.861	0.852	0.008
517.539	9.138	19.350	0.926	0.016
517.601	8.901	18.826	0.999	0.008
517.664	8.657	18.290	1.073	0.008
517.726	8.407	17.749	1.139	0.016
517.789	8.164	17.170	1.204	0.016
517.851	7.908	16.604	1.278	0.016
517.914	7.640	16.007	1.335	0.016
517.977	7.379	15.423	1.401	0.016
518.039	7.111	14.826	1.474	0.008
518.102	6.849	14.217	1.540	0.008
518.164	6.557	13.590	1.605	-0.000
518.227	6.264	12.945	1.663	0.008
518.289	5.948	12.269	1.712	0.008
518.352	5.643	11.593	1.761	0.008
518.414	5.321	10.875	1.827	0.016
518.477	5.004	10.199	1.868	0.008
518.539	4.712	9.535	1.917	0.008
518.602	4.414	8.902	1.974	0.016
518.665	4.127	8.263	2.007	0.008
518.727	3.805	7.593	2.040	0.008
518.790	3.512	6.942	2.080	0.008
518.852	3.190	6.260	2.130	0.008
518.915	2.861	5.535	2.154	0.008
518.977	2.502	4.781	2.171	0.025
519.040	2.124	3.983	2.179	0.016
519.102	1.723	3.131	2.187	0.016
519.165	1.315	2.260	2.203	0.008
519.228	0.907	1.402	2.212	0.016
519.290	0.511	0.549	2.195	0.016
519.353	0.115	-0.279	2.195	0.008
519.415	-0.274	-1.089	2.179	0.016
519.478	-0.664	-1.880	2.146	0.008
519.540	-1.005	-2.635	2.130	0.008
519.603	-1.370	-3.384	2.089	0.008
519.665	-1.717	-4.108	2.056	0.008
519.728	-2.058	-4.839	1.999	0.008
519.790	-2.430	-5.594	1.966	0.016
519.853	-2.771	-6.337	1.908	-0.000
519.916	-3.093	-7.006	1.859	0.033
519.978	-3.465	-7.792	1.802	0.008
520.041	-3.800	-8.510	1.736	0.008
520.103	-4.122	-9.186	1.687	0.025
520.166	-4.427	-9.813	1.638	0.025
520.228	-4.701	-10.416	1.548	0.008
520.291	-4.956	-10.952	1.499	0.016
520.353	-5.230	-11.524	1.417	-0.000
520.416	-5.486	-12.054	1.360	0.008
520.479	-5.760	-12.638	1.286	0.008
520.541	-6.022	-13.186	1.204	0.025
520.604	-6.290	-13.771	1.163	0.008
520.666	-6.551	-14.306	1.098	0.008
520.729	-6.819	-14.872	1.024	0.008
520.791	-7.063	-15.390	0.958	0.008
520.854	-7.288	-15.889	0.876	0.016
520.916	-7.520	-16.382	0.819	0.025
520.979	-7.739	-16.827	0.754	0.016
521.041	-7.946	-17.283	0.688	0.016
521.104	-8.128	-17.661	0.614	-0.000
521.167	-8.323	-18.099	0.557	-0.000
521.229	-8.530	-18.544	0.500	0.025
521.292	-8.749	-19.019	0.442	0.016
521.354	-8.975	-19.506	0.385	0.008
521.417	-9.194	-19.968	0.336	0.008
521.479	-9.407	-20.443	0.278	0.008
521.542	-9.608	-20.894	0.238	0.025
521.604	-9.809	-21.350	0.180	0.008
521.667	-10.022	-21.825	0.139	-0.000
521.730	-10.223	-22.312	0.106	0.016
521.792	-10.448	-22.854	0.066	0.016
521.855	-10.667	-23.353	0.066	0.008
521.917	-10.911	-23.908	0.041	0.008
521.980	-11.124	-24.413	0.033	0.016
522.042	-11.367	-24.967	-0.000	0.008
522.105	-11.605	-25.484	0.008	0.008
522.167	-11.818	-25.984	-0.016	0.008
522.230	-12.043	-26.501	-0.033	-0.000
522.292	-12.274	-26.994	-0.033	0.016
522.355	-12.500	-27.481	-0.041	0.016
522.418	-12.725	-27.974	-0.033	0.008
522.480	-12.914	-28.413	-0.049	0.016
522.543	-13.121	-28.863	-0.049	0.016
522.605	-13.309	-29.271	-0.057	0.008
522.668	-13.480	-29.649	-0.066	0.008
522.730	-13.657	-30.038	-0.074	0.025
522.793	-13.803	-30.367	-0.074	0.008
522.855	-13.973	-30.751	-0.090	0.008
522.918	-14.137	-31.104	-0.074	0.016
522.981	-14.290	-31.427	-0.082	0.008
523.043	-14.430	-31.725	-0.090	0.008
523.106	-14.564	-32.029	-0.082	0.008
523.168	-14.692	-32.334	-0.090	0.016
523.231	-14.813	-32.571	-0.098	-0.000
523.293	-14.923	-32.833	-0.106	0.008
523.356	-15.014	-33.046	-0.098	-0.000
523.418	-15.112	-33.241	-0.098	0.008
523.481	-15.191	-33.424	-0.106	0.016
523.543	-15.264	-33.588	-0.106	0.016
523.606	-15.325	-33.728	-0.115	0.008
523.669	-15.386	-33.856	-0.106	0.016
523.731	-15.422	-33.941	-0.115	0.016
523.794	-15.446	-33.984	-0.106	0.008
523.856	-15.471	-34.038	-0.115	0.008
523.919	-15.465	-34.032	-0.115	0.016
523.981	-15.440	-33.971	-0.115	0.016
524.044	-15.386	-33.856	-0.115	0.025
524.106	-15.331	-33.728	-0.131	-0.000
524.169	-15.258	-33.570	-0.115	0.016
524.232	-15.185	-33.393	-0.115	0.008
524.294	-15.075	-33.180	-0.123	0.016
524.357	-14.984	-32.973	-0.115	-0.000
524.419	-14.862	-32.717	-0.123	0.016
524.482	-14.734	-32.413	-0.123	0.008
524.544	-14.588	-32.078	-0.123	0.025
524.607	-14.430	-31.725	-0.131	0.008
524.669	-14.247	-31.323	-0.131	0.016
524.732	-14.034	-30.891	-0.131	0.016
524.794	-13.821	-30.416	-0.131	0.016
524.857	-13.602	-29.917	-0.131	-0.000
524.920	-13.376	-29.411	-0.131	0.016
524.982	-13.139	-28.906	-0.131	0.008
525.045	-12.914	-28.419	-0.139	0.008
525.107	-12.688	-27.908	-0.147	0.008
525.170	-12.475	-27.420	-0.139	0.008
525.232	-12.250	-26.952	-0.139	0.008
525.295	-12.049	-26.501	-0.147	0.016
525.357	-11.836	-26.032	-0.147	0.008
525.420	-11.629	-25.557	-0.147	0.008
525.483	-11.428	-25.119	-0.147	0.008
525.545	-11.191	-24.608	-0.156	0.016
525.608	-10.990	-24.127	-0.156	0.016
525.670	-10.765	-23.652	-0.164	0.008
525.733	-10.564	-23.201	-0.164	0.025
525.795	-10.357	-22.769	-0.164	0.016
525.858	-10.180	-22.343	-0.164	0.008
525.920	-9.991	-21.935	-0.172	0.016
525.983	-9.790	-21.490	-0.172	0.008
526.045	-9.590	-21.046	-0.180	0.008
526.108	-9.395	-20.589	-0.188	0.016
526.171	-9.169	-20.102	-0.197	0.008
526.233	-8.956	-19.652	-0.197	0.016
526.296	-8.749	-19.183	-0.213	0.016
526.358	-8.536	-18.708	-0.221	0.016
526.421	-8.311	-18.227	-0.213	0.016
526.483	-8.086	-17.710	-0.213	0.008
526.546	-7.830	-17.156	-0.213	0.016
526.608	-7.544	-16.528	-0.221	0.008
526.671	-7.270	-15.926	-0.238	0.025
526.734	-6.972	-15.244	-0.229	0.016
526.796	-6.643	-14.538	-0.254	0.025
526.859	-6.344	-13.874	-0.254	-0.000
526.921	-6.052	-13.210	-0.254	0.008
526.984	-5.760	-12.565	-0.262	0.008
527.046	-5.456	-11.883	-0.262	0.008
527.109	-5.145	-11.213	-0.278	0.008
527.171	-4.847	-10.532	-0.278	0.025
527.234	-4.500	-9.777	-0.278	0.008
527.296	-4.153	-9.034	-0.287	0.016
527.359	-3.787	-8.200	-0.295	0.008
527.422	-3.379	-7.317	-0.328	0.016
527.484	-2.959	-6.398	-0.311	0.016
527.547	-2.515	-5.436	-0.319	0.008
527.609	-2.077	-4.474	-0.311	0.016
527.672	-1.638	-3.512	-0.328	0.016
527.734	-1.206	-2.562	-0.311	-0.000
527.797	-0.762	-1.612	-0.328	0.016
527.859	-0.348	-0.693	-0.328	-0.000
527.922	0.079	0.220	-0.328	0.008
527.985	0.487	1.085	-0.311	0.016
528.047	0.870	1.949	-0.311	0.008
528.110	1.272	2.814	-0.295	0.008
528.172	1.662	3.660	-0.287	0.025
528.235	2.027	4.440	-0.270	0.008
528.297	2.410	5.286	-0.254	0.008
528.360	2.788	6.108	-0.254	0.008
528.422	3.165	6.948	-0.238	0.016
528.485	3.531	7.727	-0.221	0.016
528.547	3.841	8.421	-0.221	0.008
528.610	4.164	9.128	-0.188	0.008
528.673	4.481	9.828	-0.172	0.025
528.735	4.803	10.516	-0.180	0.016
528.798	5.114	11.222	-0.147	0.008
528.860	5.449	11.959	-0.147	0.008
528.923	5.771	12.671	-0.131	0.008
528.985	6.088	13.359	-0.106	0.016
529.048	6.392	14.053	-0.115	0.008
529.110	6.678	14.704	-0.106	0.016
529.173	6.977	15.325	-0.098	-0.000
529.236	7.226	15.898	-0.074	0.016
529.298	7.500	16.464	-0.074	0.016
529.361	7.744	17.018	-0.066	0.016
529.423	7.969	17.499	-0.057	0.008
529.486	8.188	17.998	-0.057	0.016
529.548	8.438	18.564	-0.041	0.008
529.611	8.700	19.125	-0.049	0.025
529.673	8.961	19.691	-0.033	0.016
529.736	9.199	20.220	-0.041	0.016
529.798	9.442	20.762	-0.033	0.016
529.861	9.674	21.249	-0.025	0.016
529.924	9.875	21.730	-0.016	0.016
529.986	10.094	22.193	-0.016	-0.000
530.049	10.295	22.644	-0.008	0.016
530.111	10.502	23.100	-0.008	0.008
530.174	10.703	23.557	0.008	0.025
530.236	10.922	24.026	0.008	0.025
530.299	11.129	24.494	0.016	-0.000
530.361	11.354	24.975	0.016	-0.000
530.424	11.579	25.475	0.025	0.016
530.487	11.786	25.950	0.025	0.008
530.549	12.042	26.473	0.025	0.016
530.612	12.237	26.930	0.041	0.008
530.674	12.481	27.459	0.033	0.008
530.737	12.694	27.953	0.033	-0.000
530.799	12.919	28.415	0.041	0.008
530.862	13.126	28.866	0.033	-0.000
530.924	13.321	29.310	0.041	0.025
530.987	13.497	29.712	0.033	0.008
531.049	13.668	30.059	0.041	0.016
531.112	13.844	30.455	0.057	-0.000
531.175	14.003	30.802	0.049	0.008
531.237	14.143	31.131	0.033	-0.000
531.300	14.301	31.459	0.049	0.008
531.362	14.435	31.758	0.049	-0.000
531.425	14.563	32.044	0.033	0.016
531.487	14.703	32.342	0.066	0.008
531.550	14.794	32.567	0.049	0.008
531.612	14.916	32.811	0.057	0.008
531.675	15.001	33.006	0.066	0.008
531.738	15.098	33.213	0.066	0.008
531.800	15.178	33.408	0.074	0.016
531.863	15.263	33.566	0.057	0.008
531.925	15.336	33.743	0.066	0.016
531.988	15.403	33.889	0.066	0.016
532.050	15.452	33.986	0.074	0.008
532.113	15.470	34.041	0.082	0.016
532.175	15.506	34.108	0.082	0.008
532.238	15.506	34.126	0.074	0.016
532.300	15.476	34.047	0.082	0.008
532.363	15.427	33.937	0.082	0.008
532.426	15.360	33.773	0.090	0.016
532.488	15.281	33.603	0.082	0.016
532.551	15.190	33.414	0.082	0.008
532.613	15.080	33.182	0.098	0.008
532.676	14.977	32.951	0.090	0.008
532.738	14.861	32.689	0.098	0.016
532.801	14.733	32.391	0.090	0.008
532.863	14.593	32.074	0.106	0.016
532.926	14.435	31.709	0.106	0.008
532.989	14.258	31.338	0.106	0.008
533.051	14.076	30.924	0.123	0.016
533.114	13.869	30.473	0.131	-0.000
533.176	13.643	29.980	0.123	0.016
533.239	13.418	29.469	0.139	0.008
533.301	13.181	28.951	0.131	0.016
533.364	12.943	28.421	0.147	0.016
533.426	12.700	27.880	0.147	0.008
533.489	12.444	27.319	0.164	0.008
533.551	12.213	26.784	0.180	0.016
533.614	11.993	26.290	0.172	0.008
533.677	11.750	25.767	0.180	0.008
533.739	11.537	25.268	0.188	0.008
533.802	11.324	24.793	0.205	0.016
533.864	11.092	24.275	0.221	0.016
533.927	10.867	23.752	0.238	0.008
533.989	10.642	23.216	0.254	0.008
534.052	10.411	22.662	0.287	0.016
534.114	10.173	22.071	0.303	0.016
534.177	9.936	21.481	0.352	0.008
534.240	9.686	20.890	0.393	0.008
534.302	9.418	20.263	0.418	0.016
534.365	9.132	19.618	0.483	0.008
534.427	8.858	18.991	0.532	0.008
534.490	8.572	18.351	0.590	0.016
534.552	8.310	17.743	0.639	0.016
534.615	8.042	17.140	0.704	0.008
534.677	7.786	16.561	0.745	0.008
534.740	7.549	16.020	0.803	-0.000
534.802	7.293	15.447	0.876	-0.000
534.865	7.038	14.887	0.917	0.016
534.928	6.739	14.223	0.967	0.016
534.990	6.429	13.548	1.007	0.008
535.053	6.106	12.835	1.065	0.008
535.115	5.771	12.086	1.114	0.016
535.178	5.461	11.380	1.163	-0.000
535.240	5.132	10.668	1.196	0.008
535.303	4.815	9.974	1.261	0.016
535.365	4.487	9.255	1.286	0.016
535.428	4.158	8.561	1.327	0.016
535.491	3.853	7.867	1.368	0.016
535.553	3.500	7.112	1.392	0.008
535.616	3.153	6.357	1.409	0.008
535.678	2.776	5.566	1.442	0.016
535.741	2.398	4.756	1.466	0.008
535.803	2.009	3.910	1.483	0.016
535.866	1.601	3.027	1.499	-0.000
535.928	1.193	2.169	1.515	0.008
535.991	0.791	1.298	1.507	0.016
536.053	0.377	0.427	1.499	0.008
536.116	-0.019	-0.431	1.499	0.008
536.179	-0.439	-1.308	1.483	0.008
536.241	-0.828	-2.130	1.466	0.008
536.304	-1.224	-2.952	1.450	0.008
536.366	-1.596	-3.767	1.425	0.016
536.429	-1.979	-4.553	1.384	0.016
536.491	-2.344	-5.326	1.368	0.016
536.554	-2.691	-6.075	1.327	0.016
536.616	-3.020	-6.757	1.286	0.016
536.679	-3.373	-7.524	1.245	0.008
536.742	-3.708	-8.224	1.196	0.016
536.804	-4.013	-8.869	1.155	0.016
536.867	-4.299	-9.466	1.114	0.008
536.929	-4.573	-10.057	1.048	0.008
536.992	-4.835	-10.617	0.999	0.016
537.054	-5.121	-11.220	0.950	0.016
537.117	-5.395	-11.804	0.893	0.025
537.179	-5.687	-12.437	0.835	0.016
537.242	-5.973	-13.034	0.778	0.008
537.304	-6.265	-13.655	0.729	0.008
537.367	-6.545	-14.239	0.672	0.016
537.430	-6.807	-14.793	0.631	0.016
537.492	-7.051	-15.335	0.565	-0.000
537.555	-7.288	-15.841	0.516	0.016
537.617	-7.507	-16.328	0.467	0.008
537.680	-7.727	-16.790	0.410	0.008
537.742	-7.915	-17.192	0.369	0.008
537.805	-8.104	-17.606	0.319	0.016
537.867	-8.329	-18.105	0.254	0.016
537.930	-8.548	-18.617	0.229	-0.008
537.993	-8.810	-19.171	0.180	0.008
538.055	-9.066	-19.755	0.139	0.008
538.118	-9.316	-20.328	0.106	0.016
538.180	-9.559	-20.900	0.082	0.016
538.243	-9.790	-21.448	0.066	-0.000
538.305	-10.016	-21.959	0.049	0.025
538.368	-10.229	-22.452	0.033	0.016
538.430	-10.448	-22.939	0.016	0.025
538.493	-10.655	-23.408	0.008	-0.000
538.555	-10.868	-23.895	-0.000	0.016
538.618	-11.093	-24.376	-0.016	0.008
538.681	-11.306	-24.857	-0.008	0.016
538.743	-11.526	-25.344	-0.033	0.008
538.806	-11.733	-25.807	-0.033	-0.000
538.868	-11.952	-26.306	-0.041	0.008
538.931	-12.189	-26.787	-0.057	0.016
538.993	-12.384	-27.250	-0.049	0.008
539.056	-12.628	-27.767	-0.057	0.008
539.118	-12.841	-28.236	-0.066	-0.000
539.181	-13.054	-28.705	-0.057	0.016
539.244	-13.261	-29.162	-0.066	0.025
539.306	-13.450	-29.576	-0.074	0.016
539.369	-13.602	-29.929	-0.074	0.016
539.431	-13.784	-30.337	-0.074	0.008
539.494	-13.955	-30.702	-0.090	0.016
539.556	-14.113	-31.037	-0.082	0.008
539.619	-14.241	-31.366	-0.082	0.016
539.681	-14.393	-31.664	-0.098	0.016
539.744	-14.527	-31.956	-0.090	0.008
539.806	-14.649	-32.248	-0.106	0.008
539.869	-14.765	-32.474	-0.098	0.008
539.932	-14.880	-32.723	-0.098	-0.000
539.994	-14.953	-32.918	-0.106	0.008
540.057	-15.057	-33.137	-0.098	0.025
540.119	-15.142	-33.302	-0.115	-0.008
540.182	-15.209	-33.472	-0.098	0.008
540.244	-15.294	-33.649	-0.106	0.016
540.307	-15.355	-33.801	-0.106	0.016
540.369	-15.422	-33.917	-0.106	0.016
540.432	-15.471	-34.014	-0.115	-0.000
540.495	-15.489	-34.081	-0.115	0.016
540.557	-15.520	-34.148	-0.123	0.008
540.620	-15.507	-34.130	-0.115	0.025
540.682	-15.477	-34.032	-0.123	0.016
540.745	-15.398	-33.892	-0.131	0.016
540.807	-15.331	-33.722	-0.123	0.008
540.870	-15.239	-33.515	-0.115	0.008
540.932	-15.136	-33.302	-0.131	0.008
540.995	-15.014	-33.040	-0.123	0.016
541.057	-14.892	-32.772	-0.131	0.016
541.120	-14.752	-32.455	-0.131	0.025
541.183	-14.594	-32.121	-0.123	0.008
541.245	-14.448	-31.774	-0.123	-0.000
541.308	-14.278	-31.402	-0.131	0.016
541.370	-14.101	-31.000	-0.131	0.008
541.433	-13.906	-30.574	-0.139	0.008
541.495	-13.687	-30.111	-0.139	-0.000
541.558	-13.492	-29.661	-0.147	0.008
541.620	-13.285	-29.186	-0.139	0.016
541.683	-13.048	-28.705	-0.131	0.008
541.746	-12.829	-28.200	-0.147	0.008
541.808	-12.597	-27.682	-0.139	0.016
541.871	-12.360	-27.171	-0.147	0.016
541.933	-12.128	-26.653	-0.147	0.008
541.996	-11.897	-26.142	-0.156	-0.000
542.058	-11.660	-25.624	-0.156	0.008
542.121	-11.440	-25.143	-0.164	0.008
542.183	-11.227	-24.638	-0.172	0.008
542.246	-11.008	-24.169	-0.172	0.016
542.308	-10.813	-23.725	-0.172	0.016
542.371	-10.606	-23.305	-0.180	0.016
542.434	-10.430	-22.909	-0.188	0.016
542.496	-10.271	-22.544	-0.188	0.008
542.559	-10.095	-22.160	-0.205	0.025
542.621	-9.918	-21.746	-0.197	0.016
542.684	-9.711	-21.283	-0.205	0.008
542.746	-9.492	-20.796	-0.205	0.008
542.809	-9.249	-20.279	-0.221	0.008
542.871	-8.999	-19.737	-0.221	0.016
542.934	-8.762	-19.195	-0.238	0.016
542.997	-8.524	-18.653	-0.246	0.016
543.059	-8.299	-18.142	-0.246	0.016
543.122	-8.061	-17.624	-0.262	0.008
543.184	-7.830	-17.101	-0.262	0.016
543.247	-7.580	-16.541	-0.278	0.016
543.309	-7.300	-15.932	-0.287	0.016
543.372	-7.020	-15.305	-0.287	0.016
543.434	-6.722	-14.635	-0.303	-0.000
543.497	-6.436	-13.971	-0.328	0.016
543.559	-6.131	-13.277	-0.336	0.016
543.622	-5.803	-12.553	-0.352	0.016
543.685	-5.498	-11.853	-0.377	0.008
543.747	-5.151	-11.092	-0.385	-0.000
543.810	-4.822	-10.367	-0.401	0.016
543.872	-4.457	-9.551	-0.418	0.016
543.935	-4.098	-8.754	-0.442	0.008
543.997	-3.696	-7.914	-0.451	0.008
544.060	-3.288	-7.025	-0.467	0.025
544.122	-2.892	-6.142	-0.483	0.025
544.185	-2.466	-5.210	-0.491	0.008
544.248	-2.052	-4.303	-0.491	0.016
544.310	-1.644	-3.439	-0.508	-0.000
544.373	-1.230	-2.544	-0.508	0.016
544.435	-0.822	-1.667	-0.516	0.016
544.498	-0.408	-0.778	-0.508	0.016
544.560	0.006	0.093	-0.508	0.008
544.623	0.389	0.945	-0.500	0.016
544.685	0.803	1.816	-0.491	-0.000
544.748	1.211	2.686	-0.483	0.016
544.810	1.619	3.563	-0.459	-0.000
544.873	2.003	4.403	-0.442	0.008
544.936	2.362	5.176	-0.426	-0.000
544.998	2.770	6.047	-0.401	0.016
545.061	3.129	6.832	-0.377	0.025
545.123	3.476	7.575	-0.369	0.008
545.186	3.780	8.239	-0.344	0.016
545.248	4.067	8.890	-0.311	0.008
545.311	4.365	9.517	-0.287	0.016
545.373	4.669	10.163	-0.254	0.008
545.436	4.949	10.790	-0.238	0.016
545.499	5.290	11.539	-0.229	0.016
545.561	5.589	12.220	-0.205	-0.000
545.624	5.917	12.951	-0.188	0.016
545.686	6.252	13.663	-0.164	0.008
545.749	6.569	14.394	-0.147	0.016
545.811	6.873	15.058	-0.139	0.025
545.874	7.153	15.697	-0.115	0.008
545.936	7.433	16.312	-0.115	0.016
545.999	7.677	16.866	-0.098	0.008
546.061	7.920	17.395	-0.090	0.016
546.124	8.121	17.834	-0.098	-0.000
546.187	8.353	18.351	-0.082	0.008
546.249	8.584	18.863	-0.074	0.008
546.312	8.834	19.429	-0.066	0.008
546.374	9.095	19.989	-0.041	0.008
546.437	9.339	20.525	-0.041	0.016
546.499	9.570	21.048	-0.033	0.016
546.562	9.790	21.529	-0.033	0.016
546.624	10.003	21.986	-0.041	0.008
546.687	10.216	22.467	-0.025	0.016
546.750	10.423	22.918	-0.016	0.008
546.812	10.624	23.392	-0.008	0.008
546.875	10.855	23.873	-0.008	0.008
546.937	11.074	24.360	-0.000	0.025
547.000	11.281	24.811	-0.000	0.025
547.062	11.500	25.310	0.016	0.025
547.125	11.713	25.755	0.025	-0.000
547.187	11.939	26.278	0.016	0.016
547.250	12.158	26.753	0.016	0.016
547.312	12.371	27.222	0.016	-0.000
547.375	12.608	27.733	0.033	0.025
547.438	12.809	28.190	0.033	0.008
547.500	13.016	28.641	0.025	-0.000
547.563	13.229	29.091	0.025	-0.000
547.625	13.418	29.511	0.041	0.025
547.688	13.576	29.870	0.049	0.008
547.750	13.783	30.309	0.041	-0.000
547.813	13.936	30.650	0.041	0.008
547.875	14.094	31.009	0.049	0.008
547.938	14.252	31.356	0.049	0.016
548.001	14.392	31.673	0.049	0.016
548.063	14.526	31.959	0.049	0.008
548.126	14.654	32.245	0.049	0.008
548.188	14.764	32.476	0.057	-0.000
548.251	14.898	32.756	0.057	-0.000
548.313	14.965	32.939	0.049	0.025
548.376	15.056	33.115	0.057	0.008
548.438	15.129	33.304	0.066	0.008
548.501	15.214	33.475	0.049	0.016
548.563	15.275	33.609	0.066	-0.000
548.626	15.348	33.761	0.074	0.008
548.689	15.403	33.876	0.074	-0.000
548.751	15.439	33.974	0.066	0.016
548.814	15.488	34.065	0.074	-0.008
548.876	15.519	34.132	0.074	0.008
548.939	15.513	34.138	0.074	0.008
549.001	15.476	34.065	0.074	0.016
549.064	15.427	33.950	0.074	0.008
549.126	15.360	33.785	0.090	0.016
549.189	15.269	33.603	0.082	0.008
549.252	15.184	33.396	0.090	-0.000
549.314	15.068	33.134	0.090	0.016
549.377	14.940	32.866	0.082	0.016
549.439	14.806	32.555	0.098	0.008
549.502	14.648	32.214	0.082	0.008
549.564	14.484	31.849	0.106	0.025
549.627	14.301	31.447	0.090	0.016
549.689	14.106	31.027	0.106	0.016
549.752	13.917	30.595	0.115	0.016
549.814	13.710	30.126	0.106	0.008
549.877	13.497	29.669	0.123	0.008
549.940	13.272	29.170	0.123	0.016
550.002	13.071	28.695	0.131	0.008
550.065	12.840	28.196	0.123	0.008
550.127	12.614	27.703	0.139	0.008
550.190	12.395	27.198	0.139	0.008
550.252	12.152	26.698	0.156	0.016
550.315	11.939	26.181	0.164	0.016
550.377	11.695	25.651	0.156	0.016
550.440	11.464	25.134	0.156	0.008
550.503	11.232	24.622	0.172	-0.000
550.565	10.977	24.074	0.188	0.008
550.628	10.758	23.557	0.205	0.016
550.690	10.551	23.082	0.213	-0.000
550.753	10.337	22.619	0.229	0.016
550.815	10.137	22.169	0.238	0.008
550.878	9.966	21.724	0.246	0.008
550.940	9.759	21.231	0.278	0.008
551.003	9.534	20.677	0.295	-0.000
551.065	9.278	20.080	0.319	-0.000
551.128	9.016	19.459	0.360	0.008
551.191	8.730	18.808	0.410	0.016
551.253	8.456	18.157	0.442	0.016
551.316	8.188	17.548	0.483	0.008
551.378	7.902	16.914	0.549	0.008
551.441	7.634	16.300	0.582	0.016
551.503	7.336	15.654	0.623	0.016
551.566	7.038	14.997	0.680	0.016
551.628	6.739	14.327	0.721	0.008
551.691	6.453	13.663	0.762	0.008
551.754	6.124	12.969	0.827	-0.000
551.816	5.820	12.275	0.860	0.016
551.879	5.516	11.624	0.909	-0.000
551.941	5.217	10.954	0.942	0.016
552.004	4.919	10.303	0.983	-0.000
552.066	4.596	9.602	1.024	0.016
552.129	4.267	8.878	1.065	0.016
552.191	3.926	8.135	1.081	0.016
552.254	3.567	7.362	1.106	0.008
552.316	3.190	6.540	1.130	0.008
552.379	2.800	5.682	1.147	0.008
552.442	2.368	4.781	1.171	0.008
552.504	1.948	3.867	1.188	0.008
552.567	1.534	2.960	1.196	0.033
552.629	1.120	2.065	1.204	0.025
552.692	0.700	1.188	1.212	0.008
552.754	0.298	0.342	1.204	0.016
552.817	-0.098	-0.498	1.204	0.016
552.879	-0.469	-1.296	1.188	0.008
552.942	-0.847	-2.111	1.171	0.025
553.005	-1.218	-2.872	1.155	-0.000
553.067	-1.596	-3.688	1.130	0.008
553.130	-1.967	-4.486	1.106	0.016
553.192	-2.332	-5.277	1.073	0.016
553.255	-2.691	-6.014	1.040	0.016
553.317	-3.087	-6.848	1.016	0.016
553.380	-3.453	-7.621	0.975	0.008
553.442	-3.787	-8.340	0.934	0.008
553.505	-4.098	-9.003	0.893	-0.000
553.567	-4.378	-9.612	0.852	0.016
553.630	-4.652	-10.184	0.795	0.008
553.693	-4.932	-10.781	0.754	0.016
553.755	-5.182	-11.323	0.721	0.008
553.818	-5.474	-11.932	0.655	0.008
553.880	-5.736	-12.510	0.606	0.008
553.943	-6.016	-13.095	0.565	0.016
554.005	-6.290	-13.679	0.516	0.008
554.068	-6.558	-14.258	0.483	0.016
554.130	-6.832	-14.854	0.418	0.008
554.193	-7.087	-15.390	0.377	0.008
554.256	-7.337	-15.950	0.328	0.008
554.318	-7.593	-16.492	0.287	-0.000
554.381	-7.830	-17.009	0.246	0.025
554.443	-8.019	-17.442	0.205	-0.000
554.506	-8.262	-17.990	0.164	0.016
554.568	-8.500	-18.532	0.131	0.008
554.631	-8.762	-19.122	0.115	0.008
554.693	-8.999	-19.700	0.082	0.016
554.756	-9.261	-20.285	0.074	0.008
554.818	-9.504	-20.821	0.049	0.008
554.881	-9.711	-21.308	0.033	0.008
554.944	-9.912	-21.783	0.016	-0.000
555.006	-10.119	-22.258	0.016	0.008
555.069	-10.344	-22.732	0.008	0.008
555.131	-10.570	-23.232	-0.016	0.008
555.194	-10.783	-23.694	-0.000	0.008
555.256	-11.014	-24.224	-0.033	0.016
555.319	-11.215	-24.681	-0.025	0.025
555.381	-11.459	-25.198	-0.025	0.025
555.444	-11.690	-25.691	-0.041	0.016
555.507	-11.891	-26.160	-0.049	-0.000
555.569	-12.128	-26.690	-0.057	0.016
555.632	-12.335	-27.140	-0.066	0.016
555.694	-12.567	-27.634	-0.057	0.008
555.757	-12.768	-28.096	-0.066	0.008
555.819	-12.975	-28.529	-0.074	0.025
555.882	-13.157	-28.930	-0.082	0.016
555.944	-13.358	-29.369	-0.074	0.008
556.007	-13.516	-29.716	-0.074	0.008
556.069	-13.687	-30.111	-0.082	0.008
556.132	-13.864	-30.507	-0.090	0.008
556.195	-14.028	-30.860	-0.098	0.008
556.257	-14.192	-31.220	-0.082	0.008
556.320	-14.332	-31.536	-0.090	0.008
556.382	-14.466	-31.847	-0.098	0.016
556.445	-14.625	-32.139	-0.098	0.008
556.507	-14.746	-32.419	-0.115	0.016
556.570	-14.862	-32.693	-0.106	0.008
556.632	-14.959	-32.912	-0.098	0.008
556.695	-15.051	-33.125	-0.106	0.016
556.758	-15.136	-33.314	-0.106	0.016
556.820	-15.215	-33.472	-0.115	0.016
556.883	-15.276	-33.606	-0.123	0.008
556.945	-15.331	-33.752	-0.115	0.016
557.008	-15.386	-33.844	-0.115	0.016
557.070	-15.428	-33.941	-0.123	0.008
557.133	-15.459	-34.002	-0.115	0.016
557.195	-15.471	-34.063	-0.115	-0.000
557.258	-15.489	-34.069	-0.115	0.008
557.320	-15.459	-33.996	-0.115	0.016
557.383	-15.410	-33.898	-0.115	0.016
557.446	-15.349	-33.771	-0.123	0.008
557.508	-15.276	-33.594	-0.123	0.016
557.571	-15.197	-33.424	-0.123	-0.000
557.633	-15.087	-33.192	-0.123	0.008
557.696	-14.984	-32.967	-0.123	0.016
557.758	-14.856	-32.693	-0.139	0.016
557.821	-14.710	-32.352	-0.123	0.025
557.883	-14.545	-31.981	-0.131	0.016
557.946	-14.369	-31.603	-0.147	0.016
558.009	-14.180	-31.177	-0.147	0.016
558.071	-13.967	-30.732	-0.139	0.016
558.134	-13.748	-30.245	-0.147	0.008
558.196	-13.541	-29.771	-0.139	0.025
558.259	-13.322	-29.271	-0.147	0.008
558.321	-13.102	-28.790	-0.139	0.016
558.384	-12.877	-28.315	-0.139	0.008
558.446	-12.658	-27.816	-0.139	0.008
558.509	-12.439	-27.335	-0.147	0.008
558.571	-12.226	-26.866	-0.156	0.008
558.634	-12.013	-26.398	-0.164	0.025
558.697	-11.787	-25.904	-0.164	0.008
558.759	-11.574	-25.417	-0.180	0.008
558.822	-11.349	-24.936	-0.188	0.008
558.884	-11.112	-24.413	-0.172	0.016
558.947	-10.886	-23.901	-0.188	0.008
559.009	-10.679	-23.433	-0.197	0.016
559.072	-10.472	-22.970	-0.197	0.008
559.134	-10.278	-22.556	-0.197	0.008
559.197	-10.089	-22.136	-0.205	0.016
559.260	-9.912	-21.734	-0.213	0.016
559.322	-9.717	-21.302	-0.221	0.016
559.385	-9.516	-20.845	-0.229	0.016
559.447	-9.309	-20.395	-0.238	0.008
559.510	-9.102	-19.920	-0.254	0.008
559.572	-8.889	-19.427	-0.254	0.016
559.635	-8.646	-18.915	-0.262	0.016
559.697	-8.414	-18.385	-0.278	-0.000
559.760	-8.177	-17.837	-0.287	0.016
559.822	-7.921	-17.265	-0.303	0.008
559.885	-7.647	-16.650	-0.311	0.025
559.948	-7.343	-15.956	-0.328	0.016
560.010	-7.045	-15.262	-0.360	0.016
560.073	-6.710	-14.507	-0.369	0.016
560.135	-6.381	-13.758	-0.385	0.016
560.198	-6.070	-13.076	-0.410	0.025
560.260	-5.760	-12.364	-0.426	0.008
560.323	-5.456	-11.694	-0.459	0.008
560.385	-5.145	-11.000	-0.483	0.016
560.448	-4.835	-10.300	-0.516	0.016
560.511	-4.506	-9.618	-0.532	-0.000
560.573	-4.159	-8.845	-0.565	0.025
560.636	-3.793	-8.054	-0.582	0.008
560.698	-3.404	-7.189	-0.606	0.016
560.761	-2.990	-6.288	-0.614	0.016
560.823	-2.564	-5.369	-0.631	0.008
560.886	-2.107	-4.407	-0.639	0.016
560.948	-1.675	-3.469	-0.655	0.025
561.011	-1.249	-2.562	-0.647	0.016
561.073	-0.835	-1.655	-0.647	0.016
561.136	-0.408	-0.754	-0.647	0.008
561.199	-0.007	0.117	-0.655	-0.000
561.261	0.383	0.957	-0.655	0.016
561.324	0.779	1.779	-0.631	0.008
561.386	1.144	2.589	-0.623	0.008
561.449	1.528	3.411	-0.606	0.016
561.511	1.911	4.214	-0.582	0.025
561.574	2.234	4.939	-0.557	0.016
561.636	2.654	5.809	-0.524	0.008
561.699	3.007	6.577	-0.516	0.016
561.762	3.366	7.338	-0.483	0.008
561.824	3.695	8.056	-0.467	0.025
561.887	4.000	8.732	-0.426	0.008
561.949	4.304	9.365	-0.377	0.008
562.012	4.602	10.004	-0.360	0.008
562.074	4.895	10.650	-0.336	0.008
562.137	5.205	11.319	-0.311	-0.008
562.199	5.509	12.001	-0.270	0.008
562.262	5.820	12.695	-0.254	0.008
562.324	6.130	13.353	-0.221	0.016
562.387	6.429	14.029	-0.197	0.016
562.450	6.727	14.704	-0.180	0.016
562.512	6.989	15.307	-0.156	0.016
562.575	7.275	15.940	-0.147	0.016
562.637	7.537	16.531	-0.115	0.016
562.700	7.799	17.097	-0.106	0.008
562.762	8.006	17.578	-0.098	0.016
562.825	8.255	18.120	-0.098	0.016
562.887	8.511	18.698	-0.074	0.016
562.950	8.767	19.265	-0.074	0.008
563.013	9.022	19.831	-0.066	0.016
563.075	9.260	20.373	-0.057	0.033
563.138	9.509	20.896	-0.049	0.008
563.200	9.723	21.389	-0.033	0.016
563.263	9.930	21.828	-0.041	0.025
563.325	10.124	22.272	-0.025	0.008
563.388	10.319	22.704	-0.025	-0.008
563.450	10.532	23.161	-0.025	-0.000
563.513	10.739	23.624	-0.008	0.016
563.575	10.958	24.117	-0.008	0.008
563.638	11.178	24.580	-0.008	0.008
563.701	11.415	25.091	-0.000	0.025
563.763	11.640	25.596	-0.000	0.008
563.826	11.860	26.090	0.016	0.016
563.888	12.091	26.601	0.008	0.008
563.951	12.310	27.082	0.016	0.016
564.013	12.541	27.593	0.016	0.016
564.076	12.761	28.068	0.033	0.016
564.138	12.968	28.513	0.025	0.025
564.201	13.156	28.945	0.041	0.016
564.264	13.357	29.383	0.025	0.008
564.326	13.522	29.749	0.025	0.016
564.389	13.698	30.126	0.033	0.016
564.451	13.844	30.461	0.041	0.033
564.514	14.015	30.838	0.041	0.016
564.576	14.173	31.161	0.041	0.008
564.639	14.301	31.478	0.041	0.008
564.701	14.441	31.782	0.041	0.008
564.764	14.581	32.111	0.057	0.016
564.826	14.727	32.403	0.049	0.008
564.889	14.849	32.665	0.057	0.025
564.952	14.952	32.915	0.066	0.008
565.014	15.056	33.128	0.049	0.025
565.077	15.141	33.322	0.057	0.008
565.139	15.220	33.493	0.057	0.008
565.202	15.293	33.639	0.066	0.016
565.264	15.348	33.767	0.057	0.008
565.327	15.403	33.889	0.066	0.008
565.389	15.439	33.962	0.066	0.008
565.452	15.470	34.029	0.074	0.008
565.515	15.494	34.090	0.074	0.008
565.577	15.500	34.071	0.057	0.016
565.640	15.470	34.017	0.066	0.008
565.702	15.415	33.907	0.074	0.016
565.765	15.342	33.761	0.082	0.008
565.827	15.275	33.609	0.082	0.016
565.890	15.196	33.432	0.082	0.008
565.952	15.092	33.201	0.082	0.016
566.015	15.001	32.988	0.098	0.016
566.077	14.873	32.732	0.090	0.016
566.140	14.739	32.409	0.090	0.008
566.203	14.587	32.074	0.090	0.008
566.265	14.417	31.703	0.098	0.008
566.328	14.246	31.319	0.098	0.008
566.390	14.045	30.881	0.098	0.008
566.453	13.832	30.394	0.098	0.008
566.515	13.607	29.895	0.106	0.008
566.578	13.369	29.389	0.098	0.008
566.640	13.138	28.866	0.115	0.008
566.703	12.901	28.348	0.115	0.008
566.766	12.675	27.837	0.131	0.008
566.828	12.450	27.344	0.131	0.008
566.891	12.225	26.851	0.131	0.016
566.953	11.993	26.357	0.139	0.016
567.016	11.780	25.858	0.147	0.008
567.078	11.573	25.402	0.164	0.008
567.141	11.372	24.939	0.156	0.016
567.203	11.135	24.434	0.172	0.016
567.266	10.916	23.940	0.180	0.016
567.328	10.703	23.447	0.188	0.016
567.391	10.484	22.991	0.188	0.025
567.454	10.295	22.516	0.197	0.008
567.516	10.094	22.090	0.213	0.008
567.579	9.887	21.621	0.221	0.016
567.641	9.680	21.115	0.246	0.008
567.704	9.436	20.567	0.262	-0.000
567.766	9.175	19.953	0.287	0.008
567.829	8.931	19.368	0.303	0.016
567.891	8.669	18.735	0.336	0.008
567.954	8.420	18.144	0.369	0.008
568.017	8.164	17.542	0.410	-0.000
568.079	7.896	16.957	0.442	0.008
568.142	7.646	16.354	0.491	0.008
568.204	7.354	15.739	0.532	0.016
568.267	7.056	15.064	0.590	-0.000
568.329	6.745	14.376	0.631	0.008
568.392	6.411	13.645	0.672	0.025
568.454	6.063	12.878	0.704	0.008
568.517	5.741	12.153	0.762	0.008
568.579	5.412	11.453	0.795	0.016
568.642	5.095	10.759	0.827	0.008
568.705	4.779	10.047	0.860	0.016
568.767	4.462	9.359	0.893	0.016
568.830	4.140	8.665	0.934	0.016
568.892	3.811	7.953	0.950	0.016
568.955	3.470	7.185	0.975	-0.000
569.017	3.086	6.388	0.991	0.008
569.080	2.703	5.529	1.007	0.008
569.142	2.295	4.653	1.032	0.025
569.205	1.869	3.733	1.048	0.008
569.268	1.442	2.808	1.048	0.016
569.330	1.004	1.901	1.057	0.016
569.393	0.590	1.000	1.057	0.016
569.455	0.164	0.086	1.057	0.016
569.518	-0.244	-0.784	1.048	0.016
569.580	-0.646	-1.630	1.040	0.025
569.643	-1.011	-2.446	1.007	0.008
569.705	-1.413	-3.262	1.007	-0.000
569.768	-1.778	-4.054	0.975	0.016
569.830	-2.150	-4.833	0.950	0.016
569.893	-2.491	-5.551	0.934	0.016
569.956	-2.850	-6.325	0.893	0.008
570.018	-3.197	-7.061	0.868	0.008
570.081	-3.538	-7.786	0.827	0.008
570.143	-3.848	-8.449	0.786	0.008
570.206	-4.128	-9.058	0.745	0.016
570.268	-4.421	-9.679	0.704	0.016
570.331	-4.719	-10.288	0.655	0.008
570.393	-4.999	-10.897	0.623	-0.000
570.456	-5.297	-11.536	0.582	0.016
570.519	-5.596	-12.181	0.532	0.016
570.581	-5.888	-12.821	0.500	0.008
570.644	-6.180	-13.430	0.451	0.008
570.706	-6.466	-14.032	0.393	0.008
570.769	-6.728	-14.629	0.369	0.008
570.831	-6.978	-15.171	0.319	0.025
570.894	-7.221	-15.700	0.270	0.016
570.956	-7.453	-16.206	0.238	0.008
571.019	-7.696	-16.742	0.188	0.008
571.081	-7.897	-17.204	0.156	0.016
571.144	-8.128	-17.734	0.123	0.008
571.207	-8.390	-18.337	0.098	0.008
571.269	-8.640	-18.921	0.082	0.008
571.332	-8.932	-19.554	0.057	0.016
571.394	-9.182	-20.139	0.049	0.016
571.457	-9.437	-20.711	0.033	0.008
571.519	-9.669	-21.247	0.025	0.008
571.582	-9.882	-21.710	0.016	0.008
571.644	-10.089	-22.172	0.008	0.008
571.707	-10.284	-22.617	0.008	-0.000
571.770	-10.491	-23.067	-0.016	0.016
571.832	-10.692	-23.506	-0.016	0.016
571.895	-10.911	-23.987	-0.016	0.016
571.957	-11.118	-24.462	-0.033	0.016
572.020	-11.337	-24.930	-0.033	0.008
572.082	-11.568	-25.442	-0.041	0.016
572.145	-11.781	-25.929	-0.041	-0.000
572.207	-12.031	-26.440	-0.057	0.016
572.270	-12.244	-26.946	-0.049	0.016
572.332	-12.481	-27.451	-0.057	0.008
572.395	-12.707	-27.950	-0.066	0.016
572.458	-12.920	-28.407	-0.057	0.016
572.520	-13.115	-28.857	-0.082	-0.000
572.583	-13.309	-29.277	-0.074	0.008
572.645	-13.486	-29.673	-0.090	0.016
572.708	-13.644	-30.014	-0.082	0.016
572.770	-13.833	-30.398	-0.082	0.016
572.833	-13.985	-30.757	-0.082	0.025
572.895	-14.131	-31.067	-0.090	0.008
572.958	-14.271	-31.390	-0.098	0.016
573.021	-14.399	-31.688	-0.090	0.016
573.083	-14.533	-31.993	-0.098	-0.000
573.146	-14.673	-32.285	-0.090	0.016
573.208	-14.783	-32.522	-0.090	-0.000
573.271	-14.899	-32.772	-0.106	0.008
573.333	-14.996	-32.997	-0.098	0.016
573.396	-15.093	-33.210	-0.106	0.008
573.458	-15.191	-33.405	-0.098	0.016
573.521	-15.264	-33.582	-0.098	0.008
573.583	-15.349	-33.752	-0.123	0.008
573.646	-15.404	-33.892	-0.106	0.008
573.709	-15.446	-33.971	-0.115	0.025
573.771	-15.477	-34.038	-0.115	0.008
573.834	-15.495	-34.087	-0.115	0.008
573.896	-15.513	-34.130	-0.115	0.008
573.959	-15.501	-34.081	-0.115	0.025
574.021	-15.434	-33.965	-0.115	0.016
574.084	-15.373	-33.825	-0.139	0.016
574.146	-15.300	-33.661	-0.131	0.008
574.209	-15.209	-33.448	-0.131	0.025
574.272	-15.106	-33.235	-0.123	0.016
574.334	-15.002	-32.985	-0.139	-0.000
574.397	-14.880	-32.736	-0.131	0.016
574.459	-14.740	-32.437	-0.131	0.025
574.522	-14.588	-32.096	-0.139	0.008
574.584	-14.442	-31.761	-0.131	0.016
574.647	-14.271	-31.396	-0.139	0.025
574.709	-14.089	-30.970	-0.147	0.016
574.772	-13.882	-30.525	-0.156	0.008
574.834	-13.669	-30.045	-0.147	0.008
574.897	-13.450	-29.551	-0.147	0.008
574.960	-13.218	-29.058	-0.147	0.025
575.022	-12.987	-28.535	-0.156	0.008
575.085	-12.743	-28.011	-0.156	0.016
575.147	-12.512	-27.481	-0.164	0.008
575.210	-12.281	-26.988	-0.147	0.016
575.272	-12.055	-26.477	-0.156	0.016
575.335	-11.824	-25.984	-0.180	0.016
575.397	-11.617	-25.503	-0.172	0.016
575.460	-11.410	-25.046	-0.188	0.008
575.523	-11.197	-24.559	-0.180	-0.000
575.585	-10.978	-24.096	-0.197	0.025
575.648	-10.777	-23.634	-0.197	0.016
575.710	-10.576	-23.201	-0.197	0.008
575.773	-10.393	-22.799	-0.213	0.008
575.835	-10.204	-22.379	-0.221	0.016
575.898	-10.034	-21.978	-0.213	0.016
575.960	-9.809	-21.509	-0.238	-0.000
576.023	-9.608	-21.034	-0.238	0.025
576.085	-9.370	-20.516	-0.254	0.008
576.148	-9.139	-19.993	-0.262	0.008
576.211	-8.902	-19.469	-0.278	-0.000
576.273	-8.664	-18.933	-0.278	0.008
576.336	-8.433	-18.398	-0.295	0.025
576.398	-8.201	-17.856	-0.303	0.016
576.461	-7.970	-17.326	-0.319	-0.000
576.523	-7.720	-16.748	-0.344	0.016
576.586	-7.440	-16.096	-0.352	0.016
576.648	-7.148	-15.414	-0.377	0.016
576.711	-6.825	-14.702	-0.426	0.008
576.774	-6.497	-13.941	-0.442	-0.000
576.836	-6.174	-13.235	-0.467	0.008
576.899	-5.833	-12.468	-0.508	0.008
576.961	-5.504	-11.755	-0.524	0.008
577.024	-5.169	-11.013	-0.549	-0.000
577.086	-4.828	-10.282	-0.582	0.016
577.149	-4.506	-9.576	-0.606	0.016
577.211	-4.153	-8.790	-0.631	0.016
577.274	-3.800	-8.048	-0.663	0.008
577.336	-3.440	-7.250	-0.688	0.008
577.399	-3.051	-6.410	-0.688	0.025
577.462	-2.667	-5.570	-0.713	0.016
577.524	-2.241	-4.669	-0.729	0.016
577.587	-1.827	-3.755	-0.721	0.016
577.649	-1.407	-2.860	-0.745	0.016
577.712	-0.975	-1.917	-0.754	0.016
577.774	-0.555	-1.034	-0.745	-0.000
577.837	-0.122	-0.114	-0.737	0.008
577.899	0.280	0.762	-0.729	0.008
577.962	0.663	1.596	-0.721	-0.000
578.025	1.077	2.449	-0.713	0.008
578.087	1.479	3.295	-0.688	0.016
578.150	1.856	4.111	-0.672	0.008
578.212	2.222	4.914	-0.663	0.008
578.275	2.581	5.669	-0.631	0.016
578.337	2.940	6.455	-0.590	0.008
578.400	3.299	7.210	-0.565	0.016
578.462	3.628	7.898	-0.532	0.016
578.525	3.908	8.525	-0.508	0.016
578.587	4.200	9.146	-0.467	-0.000
578.650	4.481	9.749	-0.442	0.016
578.713	4.773	10.370	-0.393	0.025
578.775	5.071	11.009	-0.377	0.016
578.838	5.382	11.679	-0.344	0.033
578.900	5.680	12.354	-0.319	0.008
578.963	5.997	13.055	-0.270	0.016
579.025	6.319	13.749	-0.238	0.016
579.088	6.611	14.418	-0.213	0.016
579.150	6.916	15.082	-0.197	0.008
579.213	7.196	15.715	-0.164	0.008
579.276	7.446	16.306	-0.147	0.016
579.338	7.707	16.872	-0.131	0.016
579.401	7.920	17.365	-0.115	0.008
579.463	8.133	17.864	-0.106	0.016
579.526	8.395	18.424	-0.090	-0.000
579.588	8.633	18.978	-0.090	0.016
579.651	8.901	19.551	-0.066	0.016
579.713	9.144	20.105	-0.066	0.008
579.776	9.388	20.641	-0.057	-0.000
579.838	9.643	21.176	-0.057	0.008
579.901	9.832	21.627	-0.049	0.016
579.964	10.051	22.090	-0.033	0.016
580.026	10.258	22.552	-0.033	-0.000
580.089	10.459	23.015	-0.025	0.008
580.151	10.672	23.478	-0.025	0.008
580.214	10.898	23.959	-0.008	0.008
580.276	11.111	24.434	-0.016	0.016
580.339	11.305	24.878	-0.008	0.016
580.401	11.537	25.377	0.008	-0.000
580.464	11.750	25.852	0.008	0.008
580.527	11.975	26.364	0.008	0.016
580.589	12.207	26.851	0.008	-0.000
580.652	12.432	27.344	0.016	-0.000
580.714	12.663	27.849	0.025	0.008
580.777	12.858	28.300	0.033	-0.000
580.839	13.083	28.768	0.033	0.008
580.902	13.260	29.201	0.025	0.016
580.964	13.473	29.645	0.033	0.008
581.027	13.619	29.962	0.041	0.008
581.089	13.802	30.376	0.033	0.008
581.152	13.972	30.753	0.041	0.016
581.215	14.130	31.076	0.041	0.016
581.277	14.277	31.423	0.033	0.016
581.340	14.411	31.721	0.041	0.016
581.402	14.551	32.013	0.049	0.008
581.465	14.684	32.294	0.057	0.016
581.527	14.782	32.525	0.049	0.008
581.590	14.891	32.793	0.049	0.016
581.652	14.989	32.963	0.049	0.016
581.715	15.074	33.158	0.049	0.008
581.778	15.147	33.341	0.057	0.016
581.840	15.220	33.511	0.057	0.016
581.903	15.306	33.682	0.057	0.016
581.965	15.360	33.797	0.057	0.008
582.028	15.439	33.956	0.066	0.016
582.090	15.458	34.035	0.066	0.008
582.153	15.500	34.096	0.066	0.016
582.215	15.525	34.163	0.074	0.016
582.278	15.519	34.120	0.074	-0.000
582.340	15.470	34.035	0.074	0.008
582.403	15.409	33.895	0.074	-0.000
582.466	15.330	33.730	0.074	0.016
582.528	15.245	33.548	0.082	-0.000
582.591	15.153	33.329	0.090	0.016
582.653	15.038	33.067	0.090	0.008
582.716	14.922	32.811	0.082	0.016
582.778	14.776	32.513	0.082	0.008
582.841	14.624	32.160	0.090	0.025
582.903	14.453	31.782	0.098	0.008
582.966	14.283	31.411	0.090	0.016
583.029	14.094	31.003	0.090	0.008
583.091	13.899	30.552	0.106	0.016
583.154	13.698	30.114	0.106	0.008
583.216	13.497	29.657	0.106	0.016
583.279	13.272	29.170	0.123	-0.000
583.341	13.047	28.677	0.123	0.016
583.404	12.809	28.153	0.115	0.008
583.466	12.578	27.642	0.115	0.008
583.529	12.341	27.106	0.139	0.016
583.591	12.109	26.589	0.131	0.016
583.654	11.872	26.083	0.139	0.008
583.717	11.640	25.566	0.147	0.016
583.779	11.421	25.055	0.156	-0.000
583.842	11.202	24.555	0.156	0.008
583.904	10.971	24.068	0.164	0.016
583.967	10.751	23.587	0.172	0.016
584.029	10.563	23.155	0.180	0.008
584.092	10.374	22.729	0.197	0.016
584.154	10.197	22.327	0.197	0.008
584.217	10.033	21.943	0.213	0.016
584.280	9.826	21.499	0.229	-0.000
584.342	9.607	20.994	0.221	0.008
584.405	9.369	20.440	0.238	0.008
584.467	9.126	19.873	0.270	-0.000
584.530	8.864	19.252	0.295	-0.008
584.592	8.590	18.601	0.311	0.008
584.655	8.310	17.943	0.344	0.016
584.717	8.054	17.316	0.393	0.016
584.780	7.768	16.689	0.418	-0.000
584.842	7.494	16.080	0.451	0.025
584.905	7.214	15.441	0.500	0.008
584.968	6.916	14.790	0.532	0.008
585.030	6.599	14.096	0.565	0.016
585.093	6.295	13.389	0.606	0.016
585.155	5.984	12.720	0.655	0.008
585.218	5.674	12.038	0.680	0.008
585.280	5.363	11.350	0.729	-0.000
585.343	5.041	10.656	0.762	0.008
585.405	4.706	9.925	0.795	0.016
585.468	4.383	9.213	0.835	0.008
585.531	4.012	8.434	0.860	-0.000
585.593	3.653	7.624	0.885	0.008
585.656	3.275	6.814	0.901	0.016
585.718	2.867	5.931	0.934	0.016
585.781	2.465	5.061	0.950	0.008
585.843	2.045	4.147	0.950	0.016
585.906	1.631	3.265	0.967	0.016
585.968	1.235	2.406	0.975	0.008
586.031	0.834	1.535	0.983	0.008
586.093	0.432	0.683	0.967	0.016
586.156	0.024	-0.194	0.967	0.016
586.219	-0.384	-1.046	0.958	0.008
586.281	-0.768	-1.886	0.942	0.008
586.344	-1.163	-2.714	0.934	0.008
586.406	-1.553	-3.542	0.926	0.016
586.469	-1.937	-4.364	0.885	0.025
586.531	-2.308	-5.162	0.860	0.016
586.594	-2.655	-5.898	0.827	0.025
586.656	-3.039	-6.726	0.803	-0.000
586.719	-3.410	-7.493	0.770	0.008
586.782	-3.720	-8.163	0.729	0.008
586.844	-4.025	-8.809	0.696	0.016
586.907	-4.305	-9.423	0.655	0.008
586.969	-4.573	-9.996	0.606	0.008
587.032	-4.847	-10.574	0.590	0.008
587.094	-5.121	-11.159	0.532	0.016
587.157	-5.407	-11.780	0.491	-0.000
587.219	-5.699	-12.395	0.442	0.008
587.282	-5.979	-13.016	0.410	0.016
587.344	-6.277	-13.655	0.369	0.008
587.407	-6.551	-14.258	0.319	0.016
587.470	-6.844	-14.866	0.287	-0.000
587.532	-7.106	-15.451	0.238	0.016
587.595	-7.373	-16.048	0.221	0.008
587.657	-7.635	-16.608	0.172	0.016
587.720	-7.867	-17.150	0.139	0.016
587.782	-8.061	-17.600	0.123	0.025
587.845	-8.311	-18.185	0.098	0.016
587.907	-8.555	-18.745	0.074	-0.000
587.970	-8.810	-19.329	0.049	0.016
588.033	-9.072	-19.914	0.049	0.016
588.095	-9.303	-20.462	0.033	0.016
588.158	-9.565	-20.997	0.025	0.008
588.220	-9.772	-21.484	0.016	0.016
588.283	-9.985	-21.935	-0.000	0.008
588.345	-10.198	-22.416	0.008	0.008
588.408	-10.405	-22.873	-0.000	0.008
588.470	-10.606	-23.335	-0.016	0.016
588.533	-10.832	-23.822	-0.025	0.016
588.595	-11.051	-24.309	-0.041	0.008
588.658	-11.276	-24.796	-0.041	-0.000
588.721	-11.495	-25.283	-0.041	0.025
588.783	-11.727	-25.771	-0.041	0.008
588.846	-11.934	-26.258	-0.049	0.008
588.908	-12.159	-26.739	-0.057	-0.000
588.971	-12.384	-27.226	-0.074	0.008
589.033	-12.591	-27.713	-0.066	0.016
589.096	-12.816	-28.175	-0.074	0.016
589.158	-13.011	-28.626	-0.066	0.016
589.221	-13.224	-29.083	-0.074	0.008
589.284	-13.407	-29.497	-0.074	-0.000
589.346	-13.571	-29.831	-0.090	0.008
589.409	-13.754	-30.252	-0.082	0.008
589.471	-13.918	-30.605	-0.082	0.008
589.534	-14.071	-30.946	-0.098	0.016
589.596	-14.223	-31.293	-0.090	0.016
589.659	-14.363	-31.603	-0.082	0.008
589.721	-14.503	-31.914	-0.098	0.008
589.784	-14.637	-32.212	-0.098	0.016
589.846	-14.765	-32.486	-0.098	0.008
589.909	-14.886	-32.742	-0.098	0.008
589.972	-14.972	-32.936	-0.106	0.016
590.034	-15.063	-33.143	-0.106	0.016
590.097	-15.136	-33.302	-0.106	0.016
590.159	-15.209	-33.460	-0.106	0.016
590.222	-15.276	-33.612	-0.123	0.008
590.284	-15.349	-33.764	-0.106	-0.000
590.347	-15.398	-33.886	-0.098	0.008
590.409	-15.440	-33.978	-0.106	0.008
590.472	-15.465	-34.038	-0.115	0.016
590.535	-15.501	-34.105	-0.115	0.008
590.597	-15.513	-34.111	-0.123	0.008
590.660	-15.489	-34.063	-0.131	0.016
590.722	-15.440	-33.953	-0.123	0.008
590.785	-15.367	-33.807	-0.123	0.016
590.847	-15.288	-33.637	-0.123	0.016
590.910	-15.191	-33.405	-0.131	0.016
590.972	-15.075	-33.156	-0.131	0.016
591.035	-14.947	-32.888	-0.131	0.008
591.097	-14.819	-32.583	-0.139	0.016
591.160	-14.655	-32.236	-0.139	0.008
591.223	-14.485	-31.853	-0.131	0.008
591.285	-14.314	-31.481	-0.139	0.008
591.348	-14.119	-31.055	-0.139	0.016
591.410	-13.924	-30.617	-0.139	0.008
591.473	-13.717	-30.154	-0.147	0.016
591.535	-13.498	-29.679	-0.147	0.008
591.598	-13.285	-29.204	-0.156	0.008
591.660	-13.072	-28.742	-0.156	0.008
591.723	-12.859	-28.261	-0.164	0.025
591.786	-12.640	-27.767	-0.164	0.008
591.848	-12.414	-27.287	-0.180	0.008
591.911	-12.189	-26.781	-0.172	0.008
591.973	-11.958	-26.252	-0.180	0.008
592.036	-11.727	-25.746	-0.180	0.016
592.098	-11.501	-25.253	-0.180	0.016
592.161	-11.270	-24.754	-0.197	0.008
592.223	-11.045	-24.224	-0.197	0.025
592.286	-10.807	-23.731	-0.197	-0.000
592.348	-10.606	-23.274	-0.213	0.008
592.411	-10.411	-22.842	-0.221	0.008
592.474	-10.235	-22.446	-0.221	0.016
592.536	-10.064	-22.063	-0.221	-0.000
592.599	-9.882	-21.643	-0.238	0.016
592.661	-9.693	-21.204	-0.246	0.016
592.724	-9.474	-20.742	-0.254	0.008
592.786	-9.267	-20.267	-0.254	0.016
592.849	-9.035	-19.743	-0.278	0.016
592.911	-8.804	-19.213	-0.287	0.008
592.974	-8.548	-18.629	-0.303	0.008
593.037	-8.299	-18.057	-0.311	0.016
593.099	-8.043	-17.460	-0.336	0.016
593.162	-7.757	-16.827	-0.352	0.008
593.224	-7.471	-16.163	-0.377	0.008
593.287	-7.172	-15.439	-0.410	0.008
593.349	-6.856	-14.726	-0.442	0.008
593.412	-6.527	-13.996	-0.467	0.008
593.474	-6.211	-13.290	-0.508	0.016
593.537	-5.900	-12.614	-0.524	0.016
593.599	-5.583	-11.920	-0.557	0.016
593.662	-5.285	-11.262	-0.598	0.016
593.725	-4.975	-10.568	-0.623	0.008
593.787	-4.646	-9.868	-0.647	-0.000
593.850	-4.305	-9.131	-0.680	0.008
593.912	-3.952	-8.352	-0.704	0.016
593.975	-3.580	-7.548	-0.713	0.008
594.037	-3.179	-6.659	-0.745	0.008
594.100	-2.752	-5.764	-0.762	0.008
594.162	-2.326	-4.833	-0.786	0.008
594.225	-1.888	-3.883	-0.778	0.008
594.288	-1.474	-2.970	-0.786	0.016
594.350	-1.054	-2.081	-0.795	0.016
594.413	-0.646	-1.210	-0.803	0.025
594.475	-0.250	-0.376	-0.786	0.016
594.538	0.140	0.488	-0.811	0.008
594.600	0.535	1.292	-0.770	0.016
594.663	0.913	2.108	-0.762	0.008
594.725	1.309	2.954	-0.745	0.025
594.788	1.686	3.758	-0.729	-0.000
594.850	2.076	4.610	-0.704	-0.000
594.913	2.423	5.347	-0.680	0.016
594.976	2.812	6.193	-0.655	0.008
595.038	3.184	6.966	-0.639	0.016
595.101	3.525	7.697	-0.598	0.016
595.163	3.829	8.373	-0.565	0.016
595.226	4.140	9.006	-0.524	0.016
595.288	4.420	9.627	-0.483	0.008
595.351	4.712	10.242	-0.459	0.008
595.413	4.986	10.844	-0.418	0.008
595.476	5.290	11.502	-0.385	0.016
595.539	5.582	12.117	-0.352	0.008
595.601	5.881	12.768	-0.319	0.016
595.664	6.179	13.414	-0.287	0.016
595.726	6.471	14.077	-0.254	0.016
595.789	6.758	14.723	-0.221	0.016
595.851	7.038	15.368	-0.197	-0.000
595.914	7.312	15.989	-0.172	0.016
595.976	7.567	16.567	-0.156	0.025
596.039	7.823	17.152	-0.147	0.008
596.101	8.042	17.633	-0.115	0.008
596.164	8.292	18.193	-0.106	0.016
596.227	8.535	18.753	-0.098	0.008
596.289	8.803	19.338	-0.090	0.025
596.352	9.059	19.910	-0.082	0.016
596.414	9.309	20.446	-0.074	0.008
596.477	9.552	20.981	-0.049	-0.000
596.539	9.765	21.444	-0.041	0.008
596.602	9.966	21.901	-0.041	0.016
596.664	10.167	22.364	-0.049	-0.000
596.727	10.362	22.784	-0.033	0.008
596.790	10.575	23.246	-0.025	0.008
596.852	10.782	23.733	-0.025	0.025
596.915	11.019	24.227	-0.000	-0.000
596.977	11.239	24.695	-0.008	0.008
597.040	11.464	25.213	-0.000	0.008
597.102	11.689	25.712	-0.008	0.008
597.165	11.908	26.193	0.016	-0.000
597.227	12.146	26.711	0.016	0.008
597.290	12.353	27.167	0.016	0.016
597.352	12.578	27.654	0.025	0.016
597.415	12.791	28.135	0.033	0.016
597.478	12.986	28.580	0.033	0.025
597.540	13.181	29.012	0.016	0.008
597.603	13.382	29.444	0.033	0.008
597.665	13.534	29.785	0.033	0.016
597.728	13.723	30.175	0.041	0.008
597.790	13.875	30.528	0.049	0.008
597.853	14.033	30.887	0.049	0.008
597.915	14.204	31.234	0.041	0.025
597.978	14.344	31.563	0.049	0.016
598.041	14.477	31.873	0.049	0.025
598.103	14.630	32.190	0.049	0.016
598.166	14.758	32.470	0.049	0.016
598.228	14.873	32.744	0.049	0.016
598.291	14.977	32.951	0.049	0.016
598.353	15.068	33.152	0.049	-0.000
598.416	15.147	33.347	0.057	0.016
598.478	15.220	33.517	0.066	0.008
598.541	15.281	33.651	0.066	0.016
598.603	15.348	33.773	0.066	0.025
598.666	15.397	33.889	0.066	0.016
598.729	15.433	33.956	0.057	0.016
598.791	15.470	34.035	0.066	0.008
598.854	15.494	34.071	0.074	0.008
598.916	15.500	34.102	0.074	0.016
598.979	15.464	34.041	0.066	-0.000
599.041	15.427	33.931	0.082	0.016
599.104	15.360	33.803	0.074	0.016
599.166	15.293	33.651	0.074	0.008
599.229	15.202	33.456	0.082	0.016
599.292	15.098	33.225	0.082	0.008
599.354	14.983	32.982	0.082	0.016
599.417	14.867	32.695	0.090	-0.000
599.479	14.715	32.367	0.098	0.008
599.542	14.557	32.007	0.090	-0.000
599.604	14.374	31.612	0.090	0.008
599.667	14.191	31.210	0.082	0.008
599.729	13.984	30.753	0.090	0.025
599.792	13.777	30.278	0.090	0.008
599.854	13.546	29.785	0.106	0.016
599.917	13.315	29.262	0.106	0.025
599.980	13.089	28.781	0.106	0.008
600.042	12.876	28.281	0.106	-0.008
600.105	12.651	27.800	0.106	-0.000
600.167	12.426	27.295	0.115	0.025
600.230	12.207	26.838	0.131	-0.000
600.292	11.993	26.333	0.139	-0.008
600.355	11.774	25.864	0.131	-0.000
600.417	11.561	25.371	0.131	-0.000
600.480	11.348	24.902	0.147	0.016
600.543	11.111	24.360	0.147	0.016
600.605	10.873	23.855	0.156	-0.000
600.668	10.660	23.356	0.156	-0.000
600.730	10.453	22.893	0.180	0.008
600.793	10.252	22.467	0.180	0.016
600.855	10.063	22.035	0.205	0.016
600.918	9.869	21.596	0.205	0.016
600.980	9.662	21.115	0.221	0.016
601.043	9.442	20.634	0.246	0.016
601.105	9.229	20.129	0.254	0.025
601.168	8.992	19.581	0.254	0.016
601.231	8.754	19.027	0.295	0.016
601.293	8.505	18.418	0.303	0.008
601.356	8.243	17.809	0.336	0.016
601.418	7.963	17.176	0.377	0.016
601.481	7.689	16.531	0.401	0.016
601.543	7.409	15.892	0.451	0.016
601.606	7.086	15.198	0.483	0.025
601.668	6.770	14.479	0.516	0.008
601.731	6.441	13.730	0.557	0.008
601.794	6.106	13.018	0.590	0.016
601.856	5.796	12.293	0.631	0.008
601.919	5.467	11.606	0.680	0.008
601.981	5.162	10.948	0.696	0.016
602.044	4.846	10.248	0.745	0.025
602.106	4.547	9.572	0.770	0.008
602.169	4.225	8.872	0.786	0.008
602.231	3.890	8.141	0.827	0.016
602.294	3.525	7.356	0.852	0.016
602.356	3.135	6.522	0.876	0.016
602.419	2.721	5.627	0.885	0.016
602.482	2.295	4.726	0.901	0.016
602.544	1.863	3.764	0.909	0.025
602.607	1.424	2.832	0.934	-0.000
602.669	0.998	1.919	0.934	0.016
602.732	0.572	1.000	0.926	0.016
602.794	0.152	0.111	0.917	0.016
602.857	-0.244	-0.742	0.926	0.008
602.919	-0.634	-1.570	0.901	0.008
602.982	-1.005	-2.367	0.901	-0.000
603.045	-1.383	-3.165	0.885	0.016
603.107	-1.754	-3.950	0.852	0.016
603.170	-2.119	-4.723	0.835	0.016
603.232	-2.448	-5.448	0.795	0.016
603.295	-2.838	-6.264	0.770	0.016
603.357	-3.179	-7.006	0.729	0.008
603.420	-3.532	-7.767	0.713	0.016
603.482	-3.860	-8.437	0.672	0.008
603.545	-4.159	-9.083	0.639	0.008
603.607	-4.445	-9.710	0.598	0.016
603.670	-4.725	-10.318	0.549	0.008
603.733	-5.011	-10.921	0.516	0.016
603.795	-5.322	-11.573	0.475	0.008
603.858	-5.602	-12.169	0.434	0.016
603.920	-5.888	-12.809	0.385	0.016
603.983	-6.168	-13.405	0.344	-0.000
604.045	-6.460	-14.032	0.319	-0.000
604.108	-6.716	-14.605	0.270	0.025
604.170	-6.984	-15.189	0.221	0.008
604.233	-7.239	-15.761	0.205	0.008
604.296	-7.489	-16.309	0.164	0.016
604.358	-7.727	-16.876	0.139	0.016
604.421	-7.946	-17.381	0.115	0.008
604.483	-8.195	-17.929	0.098	-0.000
604.546	-8.463	-18.532	0.074	0.008
604.608	-8.731	-19.134	0.049	0.025
604.671	-8.987	-19.743	0.041	-0.000
604.733	-9.236	-20.279	0.025	0.008
604.796	-9.480	-20.833	0.016	0.025
604.858	-9.705	-21.320	0.008	0.016
604.921	-9.918	-21.783	0.008	0.008
604.984	-10.119	-22.258	0.008	0.008
605.046	-10.332	-22.702	-0.025	0.008
605.109	-10.539	-23.165	-0.025	0.008
605.171	-10.740	-23.621	-0.033	0.016
605.234	-10.959	-24.096	-0.025	0.016
605.296	-11.179	-24.571	-0.041	0.008
605.359	-11.392	-25.070	-0.041	0.016
605.421	-11.617	-25.551	-0.049	0.008
605.484	-11.848	-26.038	-0.033	0.016
605.547	-12.074	-26.562	-0.074	0.016
605.609	-12.287	-27.037	-0.057	0.016
605.672	-12.524	-27.554	-0.074	0.016
605.734	-12.749	-28.035	-0.057	0.008
605.797	-12.956	-28.498	-0.082	0.016
605.859	-13.145	-28.930	-0.074	0.016
605.922	-13.352	-29.369	-0.090	0.016
605.984	-13.510	-29.716	-0.082	0.016
606.047	-13.681	-30.087	-0.082	0.008
606.109	-13.839	-30.465	-0.082	0.025
606.172	-13.997	-30.799	-0.098	0.016
606.235	-14.156	-31.146	-0.090	0.008
606.297	-14.302	-31.457	-0.106	0.016
606.360	-14.442	-31.767	-0.106	0.008
606.422	-14.576	-32.054	-0.106	0.008
606.485	-14.710	-32.346	-0.106	0.008
606.547	-14.807	-32.608	-0.098	0.008
606.610	-14.923	-32.827	-0.106	0.016
606.672	-15.032	-33.083	-0.106	0.008
606.735	-15.124	-33.277	-0.106	0.008
606.798	-15.203	-33.466	-0.106	0.016
606.860	-15.300	-33.649	-0.115	0.016
606.923	-15.355	-33.795	-0.115	0.016
606.985	-15.416	-33.923	-0.115	0.008
607.048	-15.446	-33.984	-0.123	0.016
607.110	-15.471	-34.038	-0.123	0.008
607.173	-15.489	-34.069	-0.123	0.016
607.235	-15.483	-34.081	-0.123	0.016
607.298	-15.471	-34.032	-0.131	0.008
607.360	-15.428	-33.935	-0.123	0.016
607.423	-15.349	-33.771	-0.131	0.016
607.486	-15.288	-33.631	-0.131	0.016
607.548	-15.197	-33.436	-0.123	-0.000
607.611	-15.087	-33.198	-0.115	0.016
607.673	-15.002	-32.979	-0.131	0.016
607.736	-14.880	-32.711	-0.131	0.016
607.798	-14.734	-32.407	-0.147	0.008
607.861	-14.576	-32.066	-0.131	0.016
607.923	-14.430	-31.719	-0.139	0.016
607.986	-14.235	-31.323	-0.139	0.025
608.049	-14.052	-30.891	-0.139	0.016
608.111	-13.833	-30.416	-0.147	0.008
608.174	-13.608	-29.929	-0.147	0.008
608.236	-13.383	-29.424	-0.172	0.008
608.299	-13.151	-28.900	-0.164	0.016
608.361	-12.920	-28.382	-0.164	0.008
608.424	-12.676	-27.865	-0.164	0.016
608.486	-12.451	-27.366	-0.164	0.025
608.549	-12.226	-26.866	-0.180	0.008
608.611	-12.007	-26.385	-0.180	0.016
608.674	-11.793	-25.911	-0.180	0.008
608.737	-11.580	-25.442	-0.180	-0.000
608.799	-11.379	-24.985	-0.205	0.016
608.862	-11.154	-24.498	-0.188	0.016
608.924	-10.947	-24.017	-0.205	0.008
608.987	-10.746	-23.554	-0.213	0.008
609.049	-10.533	-23.086	-0.221	0.008
609.112	-10.332	-22.665	-0.221	-0.000
609.174	-10.144	-22.227	-0.229	0.016
609.237	-9.949	-21.789	-0.229	0.016
609.300	-9.742	-21.326	-0.246	0.025
609.362	-9.516	-20.827	-0.254	-0.000
609.425	-9.285	-20.322	-0.254	0.008
609.487	-9.060	-19.810	-0.278	-0.000
609.550	-8.841	-19.293	-0.287	0.016
609.612	-8.609	-18.775	-0.303	0.008
609.675	-8.384	-18.227	-0.328	0.008
609.737	-8.141	-17.673	-0.344	0.025
609.800	-7.891	-17.083	-0.360	0.025
609.862	-7.623	-16.462	-0.393	0.016
609.925	-7.313	-15.755	-0.426	0.016
609.988	-7.014	-15.031	-0.451	-0.000
610.050	-6.673	-14.294	-0.491	0.008
610.113	-6.332	-13.533	-0.516	0.016
610.175	-5.991	-12.815	-0.557	0.008
610.238	-5.669	-12.072	-0.582	0.016
610.300	-5.358	-11.402	-0.598	0.008
610.363	-5.023	-10.684	-0.639	0.016
610.425	-4.707	-9.977	-0.672	-0.000
610.488	-4.396	-9.290	-0.696	0.025
610.551	-4.043	-8.528	-0.737	0.016
610.613	-3.684	-7.761	-0.745	0.025
610.676	-3.319	-6.958	-0.786	0.008
610.738	-2.917	-6.093	-0.786	0.008
610.801	-2.515	-5.210	-0.803	0.008
610.863	-2.083	-4.303	-0.819	0.008
610.926	-1.656	-3.390	-0.827	0.016
610.988	-1.230	-2.465	-0.835	0.033
611.051	-0.804	-1.563	-0.835	0.016
611.113	-0.384	-0.656	-0.835	0.016
611.176	0.030	0.251	-0.827	0.016
611.239	0.426	1.103	-0.811	0.016
611.301	0.834	1.962	-0.811	0.016
611.364	1.217	2.777	-0.795	0.008
611.426	1.601	3.587	-0.778	0.025
611.489	1.978	4.409	-0.754	-0.000
611.551	2.307	5.121	-0.729	0.008
611.614	2.691	5.913	-0.688	0.008
611.676	3.025	6.650	-0.655	0.025
611.739	3.379	7.398	-0.647	-0.000
611.802	3.677	8.056	-0.606	0.008
611.864	3.993	8.726	-0.573	0.016
611.927	4.292	9.347	-0.532	0.008
611.989	4.572	9.962	-0.500	0.008
612.052	4.870	10.577	-0.467	0.008
612.114	5.162	11.234	-0.434	0.008
612.177	5.479	11.898	-0.393	0.025
612.239	5.777	12.567	-0.352	0.016
612.302	6.076	13.213	-0.319	0.008
612.364	6.380	13.870	-0.287	0.025
612.427	6.678	14.510	-0.254	-0.000
612.490	6.952	15.161	-0.229	0.008
612.552	7.208	15.746	-0.197	0.016
612.615	7.470	16.330	-0.164	0.025
612.677	7.713	16.884	-0.156	0.016
612.740	7.933	17.395	-0.131	-0.000
612.802	8.152	17.889	-0.123	0.008
612.865	8.414	18.485	-0.098	0.008
612.927	8.675	19.045	-0.090	0.008
612.990	8.943	19.648	-0.082	0.016
613.053	9.199	20.227	-0.066	-0.000
613.115	9.442	20.762	-0.057	0.016
613.178	9.680	21.262	-0.049	-0.000
613.240	9.893	21.743	-0.049	0.016
613.303	10.094	22.205	-0.041	0.025
613.365	10.307	22.656	-0.041	0.016
613.428	10.508	23.112	-0.033	0.016
613.490	10.715	23.563	-0.008	0.016
613.553	10.922	24.032	-0.016	0.008
613.615	11.141	24.482	-0.008	0.016
613.678	11.342	24.963	-0.008	-0.000
613.741	11.573	25.456	0.008	0.008
613.803	11.780	25.925	0.008	0.008
613.866	12.024	26.455	-0.000	-0.008
613.928	12.255	26.936	0.025	0.016
613.991	12.468	27.423	0.008	0.008
614.053	12.700	27.934	0.016	0.008
614.116	12.913	28.427	0.016	0.016
614.178	13.114	28.841	0.033	0.016
614.241	13.315	29.310	0.033	0.016
614.304	13.516	29.724	0.041	0.016
614.366	13.662	30.059	0.041	0.008
614.429	13.838	30.461	0.049	0.008
614.491	14.009	30.802	0.041	0.016
614.554	14.143	31.137	0.033	0.016
614.616	14.289	31.441	0.041	0.008
614.679	14.423	31.739	0.049	0.016
614.741	14.563	32.038	0.049	0.008
614.804	14.684	32.324	0.057	0.016
614.866	14.806	32.580	0.049	0.016
614.929	14.922	32.829	0.066	0.008
614.992	15.013	33.030	0.066	0.008
615.054	15.098	33.225	0.057	0.016
615.117	15.184	33.420	0.049	-0.000
615.179	15.251	33.566	0.066	0.008
615.242	15.336	33.736	0.066	0.008
615.304	15.403	33.889	0.074	0.016
615.367	15.446	33.992	0.074	0.016
615.429	15.488	34.083	0.066	0.016
615.492	15.519	34.126	0.049	0.008
615.555	15.519	34.150	0.066	0.016
615.617	15.506	34.114	0.090	0.008
615.680	15.452	34.004	0.082	0.016
615.742	15.391	33.864	0.066	0.025
615.805	15.306	33.688	0.074	0.008
615.867	15.220	33.469	0.074	0.008
615.930	15.117	33.262	0.090	0.008
615.992	15.001	33.000	0.082	0.008
616.055	14.879	32.726	0.082	0.008
616.117	14.745	32.421	0.090	0.016
616.180	14.593	32.099	0.098	0.016
616.243	14.441	31.764	0.098	0.016
616.305	14.270	31.380	0.090	0.016
616.368	14.088	30.978	0.098	0.008
616.430	13.893	30.546	0.098	-0.000
616.493	13.674	30.065	0.090	0.016
616.555	13.455	29.578	0.106	0.008
616.618	13.223	29.073	0.115	0.016
616.680	12.992	28.549	0.115	0.008
616.743	12.755	28.026	0.115	0.008
616.806	12.529	27.514	0.106	0.016
616.868	12.280	26.972	0.115	0.016
616.931	12.054	26.461	0.131	0.016
616.993	11.811	25.956	0.139	0.008
617.056	11.598	25.469	0.139	0.016
617.118	11.385	25.000	0.147	0.008
617.181	11.172	24.507	0.147	0.008
617.243	10.952	24.038	0.147	0.016
617.306	10.751	23.587	0.156	0.008
617.368	10.551	23.149	0.180	0.008
617.431	10.368	22.735	0.180	0.008
617.494	10.197	22.333	0.188	0.016
617.556	10.003	21.919	0.205	-0.000
617.619	9.796	21.456	0.213	0.016
617.681	9.570	20.933	0.213	0.008
617.744	9.339	20.397	0.229	-0.000
617.806	9.077	19.806	0.246	-0.000
617.869	8.809	19.198	0.262	0.008
617.931	8.572	18.625	0.287	0.016
617.994	8.316	18.016	0.303	0.016
618.057	8.060	17.408	0.336	0.016
618.119	7.799	16.793	0.360	0.016
618.182	7.549	16.208	0.410	0.025
618.244	7.251	15.551	0.442	0.025
618.307	6.965	14.899	0.483	0.008
618.369	6.648	14.205	0.524	0.008
618.432	6.313	13.475	0.557	0.008
618.494	5.990	12.762	0.606	0.016
618.557	5.668	12.044	0.623	0.016
618.619	5.333	11.332	0.672	0.008
618.682	5.016	10.613	0.704	0.008
618.745	4.669	9.876	0.737	0.025
618.807	4.347	9.146	0.754	0.008
618.870	3.981	8.379	0.778	0.016
618.932	3.634	7.618	0.811	0.008
618.995	3.257	6.796	0.835	0.008
619.057	2.873	5.974	0.844	-0.000
619.120	2.471	5.103	0.868	0.016
619.182	2.063	4.208	0.893	0.008
619.245	1.643	3.332	0.909	0.008
619.308	1.235	2.424	0.893	0.016
619.370	0.834	1.566	0.893	0.025
619.433	0.401	0.653	0.893	0.016
619.495	-0.019	-0.230	0.901	0.016
619.558	-0.421	-1.095	0.885	0.025
619.620	-0.816	-1.953	0.876	0.008
619.683	-1.200	-2.775	0.852	0.016
619.745	-1.602	-3.640	0.844	0.008
619.808	-1.991	-4.449	0.811	0.016
619.870	-2.344	-5.223	0.786	0.025
619.933	-2.698	-5.996	0.762	0.008
619.996	-3.069	-6.757	0.721	0.008
620.058	-3.428	-7.512	0.688	-0.000
620.121	-3.727	-8.157	0.672	0.008
620.183	-4.013	-8.784	0.614	0.016
620.246	-4.305	-9.375	0.598	0.016
620.308	-4.567	-9.971	0.557	0.025
620.371	-4.865	-10.568	0.516	0.016
620.433	-5.145	-11.189	0.467	0.016
620.496	-5.449	-11.853	0.426	0.016
620.559	-5.736	-12.462	0.393	0.016
620.621	-6.040	-13.113	0.352	0.016
620.684	-6.338	-13.752	0.303	0.008
620.746	-6.631	-14.404	0.270	0.016
620.809	-6.899	-14.988	0.238	0.008
620.871	-7.166	-15.597	0.197	0.016
620.934	-7.422	-16.163	0.164	0.008
620.996	-7.678	-16.736	0.139	0.016
621.059	-7.885	-17.241	0.115	0.008
621.121	-8.110	-17.728	0.098	0.008
621.184	-8.354	-18.312	0.057	-0.000
621.247	-8.609	-18.879	0.057	0.008
621.309	-8.865	-19.475	0.025	0.008
621.372	-9.115	-20.029	0.041	0.016
621.434	-9.364	-20.595	0.025	0.016
621.497	-9.608	-21.101	0.008	0.016
621.559	-9.827	-21.594	-0.000	0.008
621.622	-10.040	-22.069	0.008	0.016
621.684	-10.241	-22.525	-0.016	0.008
621.747	-10.466	-23.000	-0.016	0.008
621.810	-10.667	-23.451	-0.025	0.008
621.872	-10.874	-23.920	-0.033	0.016
621.935	-11.106	-24.401	-0.033	0.016
621.997	-11.306	-24.851	-0.041	0.008
622.060	-11.526	-25.363	-0.049	0.016
622.122	-11.739	-25.813	-0.049	0.016
622.185	-11.964	-26.325	-0.057	0.008
622.247	-12.183	-26.812	-0.074	0.016
622.310	-12.414	-27.305	-0.066	0.016
622.372	-12.640	-27.792	-0.082	0.008
622.435	-12.853	-28.273	-0.066	0.008
622.498	-13.060	-28.711	-0.066	0.008
622.560	-13.261	-29.150	-0.082	0.008
622.623	-13.462	-29.600	-0.074	0.016
622.685	-13.608	-29.941	-0.090	0.016
622.748	-13.797	-30.343	-0.090	-0.000
622.810	-13.949	-30.714	-0.090	-0.000
622.873	-14.107	-31.037	-0.098	0.016
622.935	-14.271	-31.372	-0.090	0.016
622.998	-14.405	-31.676	-0.090	0.008
623.061	-14.539	-31.993	-0.090	0.008
623.123	-14.667	-32.267	-0.098	0.016
623.186	-14.777	-32.522	-0.098	0.016
623.248	-14.905	-32.778	-0.106	0.008
623.311	-14.996	-32.979	-0.115	0.016
623.373	-15.087	-33.180	-0.098	0.016
623.436	-15.148	-33.344	-0.106	0.016
623.498	-15.239	-33.497	-0.106	0.016
623.561	-15.294	-33.655	-0.115	0.016
623.623	-15.367	-33.813	-0.106	0.008
623.686	-15.416	-33.935	-0.123	0.008
623.749	-15.465	-34.014	-0.123	0.016
623.811	-15.501	-34.099	-0.131	0.025
623.874	-15.520	-34.148	-0.115	-0.000
623.936	-15.513	-34.148	-0.131	0.025
623.999	-15.489	-34.063	-0.123	0.008
624.061	-15.428	-33.935	-0.123	0.016
624.124	-15.349	-33.746	-0.131	0.016
624.186	-15.264	-33.570	-0.123	0.008
624.249	-15.160	-33.332	-0.131	0.016
624.312	-15.039	-33.076	-0.139	0.008
624.374	-14.911	-32.803	-0.131	0.016
624.437	-14.765	-32.480	-0.131	0.016
624.499	-14.618	-32.133	-0.131	0.008
624.562	-14.454	-31.780	-0.131	0.016
624.624	-14.284	-31.402	-0.131	0.025
624.687	-14.101	-30.994	-0.139	0.008
624.749	-13.894	-30.562	-0.139	0.008
624.812	-13.699	-30.118	-0.156	0.016
624.874	-13.492	-29.649	-0.156	0.016
624.937	-13.267	-29.168	-0.164	0.008
625.000	-13.048	-28.675	-0.164	0.016
625.062	-12.829	-28.175	-0.164	0.008
625.125	-12.591	-27.658	-0.164	0.016
625.187	-12.354	-27.140	-0.164	0.008
625.250	-12.122	-26.635	-0.180	0.008
625.312	-11.891	-26.111	-0.164	-0.000
625.375	-11.647	-25.594	-0.180	0.025
625.437	-11.428	-25.095	-0.188	0.016
